
1.26041e+000	-1.35726e+000	-1.91633e+000	1.84570e+000	
-1.26204e-001	-2.27283e+000	5.36155e-001	1.53092e+000	
-9.03164e-001	-1.04204e+000	-7.41337e-001	1.65011e+000	
-1.69356e+000	2.79295e+000	-6.69978e-002	2.01735e+000	
-3.55698e+000	2.11411e+000	2.25473e-001	2.32982e+000	
-2.93281e+000	3.17006e-001	4.26616e-001	3.08606e+000	
-3.13105e+000	5.05054e-001	1.17669e+000	4.15654e-001	
-1.75977e+000	6.80900e-001	-9.54171e-002	5.28074e-001	
-1.59396e+000	-1.56572e-001	2.78035e-001	1.60774e+000	
-1.70373e+000	-1.68170e+000	-3.09907e-002	1.35148e+000	
7.58765e-001	-5.92594e-001	-7.09882e-001	1.92655e+000	
-1.44022e+000	1.74783e-001	-2.48623e+000	2.45637e+000	
-1.17590e+000	9.42161e-001	-1.88142e+000	3.49611e+000	
-2.19941e+000	8.53011e-002	-1.70539e+000	2.73900e+000	
-2.83186e+000	1.44557e+000	-6.48491e-001	3.25902e+000	
-4.34059e+000	1.63768e+000	-8.79570e-001	3.34564e+000	
-2.69237e+000	1.77760e+000	2.12571e+000	-1.51206e+000	
-2.50224e-001	-2.75339e-001	1.07226e+000	-3.65352e+000	
-1.88349e-001	7.67806e-001	-4.64730e-001	2.34628e-001	
-4.05724e-001	3.38963e+000	-1.08247e-001	2.18065e+000	
3.91002e+000	3.61564e+000	2.13495e+000	4.31360e+000	
2.45136e+000	6.69104e-001	1.93588e+000	5.80259e+000	
-1.99750e+000	-4.23798e-001	-1.95026e+000	7.95287e-001	
-1.03030e+000	2.25375e+000	-2.75497e+000	-3.26250e+000	
-3.54803e+000	1.97337e+000	-2.29926e-001	-7.90702e-001	
-3.79932e+000	-1.34628e+000	2.27001e+000	1.38494e-001	
-1.10425e+000	-4.06382e+000	2.61794e+000	1.02461e-001	
1.64309e-001	-1.95584e+000	3.49756e+000	6.51321e-002	
3.05993e+000	-1.61106e+000	-1.27068e+000	-9.43478e-001	
5.72257e+000	-1.93361e+000	-1.77602e+000	-2.39254e+000	
3.15138e+000	-3.14338e+000	-2.27322e+000	-2.24380e+000	
3.42195e+000	-2.07352e+000	-1.49997e+000	-5.50873e-001	
7.85846e-003	-1.41583e+000	-2.04214e+000	1.48235e+000	
-1.39287e+000	1.90104e-001	-1.69297e+000	-1.30149e+000	
-2.51000e+000	-2.17176e-001	-2.16713e+000	-6.44268e-001	
-4.04655e+000	-1.55894e-001	2.35582e+000	-1.12435e-001	
-4.50230e-001	-3.82582e-001	4.85245e+000	-2.71265e+000	
4.09402e+000	-1.47806e+000	3.48846e+000	-2.28171e+000	
1.61171e+000	-1.21070e+000	1.70756e+000	-2.00065e-001	
4.77138e+000	-5.20060e-001	-1.73588e+000	-2.21469e+000	
6.45502e+000	-1.93700e+000	-2.61563e+000	5.79381e-001	
-3.61489e-001	-1.86622e+000	1.30500e+000	1.41273e+000	
-2.95001e-001	7.97498e-001	2.55558e+000	-5.19014e-002	
2.13972e-001	1.15597e+000	-3.18356e-001	1.64362e+000	
-2.29140e+000	3.16870e-001	-1.37374e+000	-1.38004e+000	
-1.29459e-001	-1.32526e+000	-2.84809e+000	-4.99262e+000	
1.73994e+000	1.06052e+000	-3.18181e+000	-2.13110e+000	
1.97011e-001	4.37733e+000	-4.44040e+000	5.27353e-002	
2.71528e+000	4.25964e+000	-2.43008e+000	9.90578e-001	
1.00138e+000	8.41425e-001	2.46039e+000	-3.18958e+000	
3.02858e+000	-1.51250e+000	2.49341e-001	1.17261e+000	
-1.92450e+000	-7.33597e-001	4.53243e-001	3.24129e+000	
-1.50898e-001	-8.15215e-001	3.19819e+000	-4.16532e+000	
3.64122e+000	-4.09636e+000	1.46116e+000	5.32826e-001	
-4.58022e+000	-6.08734e+000	3.75444e+000	-4.09499e+000	
4.45346e+000	-7.26932e+000	1.53166e+000	-3.76032e+000	
4.03947e+000	-3.08413e+000	8.59988e-002	6.70181e+000	
-3.31138e+000	1.20193e+000	1.73225e+000	3.27890e+000	
5.61415e+000	5.72358e-002	1.65876e-001	1.08181e+000	
4.01224e-001	-1.56781e+000	-3.75958e+000	3.56384e+000	
-6.09167e+000	-1.92845e+000	-6.48936e+000	-3.57167e-001	
-3.17094e+000	9.34703e-001	-5.01114e+000	1.05025e+000	
-8.67316e+000	4.59480e+000	1.99175e+000	5.06882e-001	
-3.31165e+000	7.31064e-001	3.12632e+000	2.40620e+000	
-2.44487e+000	-4.31573e+000	5.15320e+000	2.32520e+000	
4.59299e-001	-1.94649e+000	3.57772e+000	-1.03774e+000	
5.93302e+000	1.90369e+000	-2.08918e+000	2.68826e+000	
2.61948e+000	-1.11213e+000	3.90992e+000	-3.72300e+000	
5.16936e+000	-6.51591e+000	2.40093e+000	-3.74751e-001	
8.29054e-001	-5.89414e+000	8.32766e-001	-1.89934e+000	
-3.18818e+000	-2.53314e+000	-2.10059e-001	-2.87410e-001	
-1.02230e+000	2.80556e+000	-3.50174e+000	2.66708e+000	
-5.76927e+000	9.37008e-001	-2.27377e+000	3.45099e+000	
-3.01951e+000	-2.32407e+000	8.50562e-001	8.53222e-001	
-9.99636e-001	3.05481e-001	-3.32722e+000	1.40595e+000	
-8.02615e-001	2.46187e+000	-4.54139e+000	-3.35922e+000	
2.32517e+000	-6.33540e-001	-4.87621e+000	-3.03104e+000	
6.41531e-001	1.36666e+000	-1.29910e+000	8.26315e+000	
-4.63286e+000	6.51202e+000	3.78176e+000	8.45671e+000	
4.33894e+000	3.69333e+000	1.00618e+000	2.45939e+000	
-3.01734e+000	-1.93442e+000	1.27202e+000	9.52670e-001	
-1.06138e+001	-4.57604e+000	2.06487e+000	-4.85354e+000	
1.85419e+000	-3.00590e+000	3.58820e+000	-4.12180e+000	
-2.67459e+000	1.31771e+000	3.29145e+000	4.82698e+000	
-1.45881e+000	7.41232e-001	7.77509e+000	-2.86731e+000	
8.81222e+000	-4.12050e+000	6.11973e+000	2.09979e+000	
7.30363e+000	5.06138e-001	-2.24108e+000	2.83383e+000	
5.83981e+000	3.00676e+000	-8.42904e+000	-2.38722e+000	
2.55706e+000	3.38774e+000	-4.52111e+000	-2.22265e-001	
-4.64508e+000	4.59452e+000	-2.38883e+000	-2.96344e+000	
-6.82800e-001	3.38136e+000	-4.14269e+000	1.58611e+000	
-1.08929e+001	9.30907e-001	-9.12403e-001	2.52237e+000	
-5.03437e+000	4.11024e+000	5.25948e-001	1.10544e+000	
3.18816e+000	2.13322e+000	9.23957e-001	2.93141e+000	
5.33658e-001	-3.93218e+000	1.01213e+001	-2.49430e+000	
9.85826e+000	-5.21448e+000	2.06142e+000	-6.36202e-001	
9.52446e+000	-2.77203e+000	-5.55643e-001	-2.62128e+000	
6.63291e+000	-1.52823e+000	-1.25233e+000	-3.63796e+000	
5.34861e+000	5.68233e-001	-8.37455e+000	9.60739e-001	
-5.57007e+000	-3.49637e-001	-4.19277e+000	4.55760e+000	
-7.46199e+000	1.62155e+000	-2.40663e+000	5.46316e+000	
-9.40344e+000	6.37874e+000	-5.10715e+000	5.65183e+000	
-1.09688e+001	1.67524e+000	1.48495e-001	-1.53369e+000	
-3.31233e+000	-5.82039e+000	1.58753e+000	-3.62427e+000	
5.80607e-001	-6.13412e+000	-1.24267e+000	4.13776e+000	
-5.09795e-001	-2.78545e+000	1.10551e+000	4.07405e+000	
1.02739e+001	-4.91499e+000	-9.24681e-001	-4.60799e-001	
3.71124e+000	-4.86483e+000	2.28050e+000	5.25471e-001	
-4.86611e+000	-1.13708e+000	5.12147e+000	-8.84359e+000	
5.34902e+000	4.65174e+000	2.72141e+000	-2.71396e+000	
-4.55674e+000	7.44399e+000	1.42806e+000	3.71662e+000	
-1.77076e+000	1.00832e+000	6.13670e+000	-7.09531e+000	
6.95599e+000	-4.75880e+000	4.38174e+000	6.86606e-001	
-8.16861e-001	2.05106e+000	-1.82513e+000	5.77212e-001	
7.00525e+000	5.87859e+000	-7.32373e+000	-6.79481e+000	
5.85745e+000	5.37099e+000	-5.66955e-001	-1.17486e-001	
-1.28526e+000	4.08637e+000	4.90322e+000	-5.07492e+000	
1.20117e+001	1.22132e+000	-2.28950e+000	-3.46804e+000	
-1.14767e+000	1.70805e+000	-7.49887e-001	6.32125e-001	
-1.36735e+000	7.91296e+000	-1.42423e+000	2.51049e-001	
6.50686e+000	7.36196e+000	-4.38660e+000	2.83887e+000	
-3.69240e+000	-5.66564e-001	6.74178e+000	-6.09685e-001	
4.19816e-001	-6.01915e+000	2.28795e+000	2.41730e+000	
1.64944e+000	-3.90005e+000	1.94678e+000	8.39669e-001	
-1.94295e+000	7.56010e-001	2.46578e+000	-6.89965e-001	
2.59452e+000	5.18882e-001	-2.61260e+000	2.43554e-001	
-1.91540e+000	-7.41480e+000	2.38507e+000	3.37892e+000	
-1.40331e+000	-6.36352e+000	4.46148e+000	3.31334e+000	
-1.68806e-001	2.95022e+000	-3.89519e+000	2.85602e+000	
-4.84739e+000	4.21639e+000	-5.25270e+000	8.97752e-001	
-5.02094e+000	-9.81843e-001	-2.50389e+000	4.13170e+000	
-2.48951e+000	-2.09291e+000	6.07482e-001	-7.66994e-002	
-1.96113e+000	-1.33231e+000	-2.56514e+000	3.12079e+000	
-3.86812e+000	1.17034e+000	-4.32741e+000	2.09373e+000	
-1.27373e+000	1.74004e+000	-1.87273e+000	-2.96935e+000	
1.12391e+000	-9.83199e-001	4.92287e-001	-1.86807e+000	
-4.34285e-002	1.93948e+000	2.68816e+000	-6.95443e-001	
1.63804e+000	4.30560e+000	-1.20846e+000	-8.95493e-001	
5.24684e+000	4.73268e+000	1.40391e+000	-2.16829e+000	
2.13643e+000	2.81207e+000	5.73682e-001	-3.50470e-002	
4.25671e+000	3.31588e+000	-4.64452e-001	3.81051e-001	
3.05952e+000	2.46227e+000	-7.34574e-001	1.51095e-002	
2.07835e+000	1.81149e+000	-1.26971e+000	1.83660e+000	
-3.87537e-001	-4.30578e-001	-2.30536e+000	2.06433e+000	
-2.20089e+000	-2.62731e-001	-1.23867e+000	1.70948e+000	
-3.86269e+000	-6.62147e-001	-3.66011e+000	4.24773e+000	
-5.57089e+000	-9.79538e-001	-5.03080e-001	2.35100e+000	
-5.31810e+000	-2.17331e+000	2.76611e+000	1.64073e+000	
-3.35616e+000	-2.54127e+000	1.64272e+000	1.43448e+000	
-2.33333e+000	-2.39010e+000	-1.34042e-001	2.80399e+000	
-1.33248e+000	-2.28055e+000	5.11877e-001	2.85415e+000	
1.18402e+000	-1.76685e+000	2.23318e+000	1.88301e+000	
-3.03409e-001	-2.77433e+000	4.94633e-001	1.55152e+000	
-1.48052e+000	-4.37086e-001	2.41197e+000	-1.55251e-001	
-2.83375e+000	1.10228e+000	6.09690e-001	-7.20893e-002	
-1.89695e+000	2.47881e+000	5.91479e-001	1.15459e+000	
-3.43255e+000	3.67625e-002	4.79181e-001	2.67615e+000	
-2.44799e+000	-3.76889e-001	2.22808e+000	1.33561e+000	
-6.58916e-001	-2.47682e-001	-7.19398e-001	1.02819e+000	
4.65002e-001	2.40885e+000	-1.06940e+000	1.05197e+000	
-6.00163e-001	2.36533e+000	-7.07947e-001	-9.64532e-001	
2.88788e+000	1.72255e+000	2.37942e+000	-2.40610e+000	
2.44282e+000	4.30891e-001	2.85289e+000	-1.02910e+000	
2.66508e+000	1.30483e+000	1.47000e+000	-6.87662e-001	
3.14542e+000	2.82495e+000	2.61898e-001	7.21048e-001	
1.25336e+000	2.14285e+000	-3.47739e-001	6.15690e-001	
7.48729e-001	3.30427e-001	-9.34336e-001	-1.67071e-001	
-1.93087e+000	-6.92924e-001	-1.32724e+000	-2.66808e-001	
-2.00279e+000	1.59091e+000	7.23643e-001	-2.29296e+000	
-9.56891e-001	1.71998e+000	-1.24860e+000	-4.99287e-001	
-6.34492e-001	9.66292e-001	-3.80230e-002	6.82565e-001	
6.58767e-001	-1.71858e+000	-7.21743e-001	-8.79930e-001	
3.03592e+000	-1.37706e+000	-1.06084e+000	-9.60210e-001	
-1.89429e-001	-5.70903e-001	-1.62302e+000	5.30365e-001	
8.04634e-001	1.14187e+000	-3.44360e-002	5.68703e-001	
5.09509e-001	-9.23273e-001	-9.62066e-001	9.65777e-001	
-1.98583e+000	-1.86378e+000	6.30522e-001	-1.51222e+000	
-1.48974e+000	-1.92249e+000	-9.57513e-001	-2.48048e+000	
1.99865e-001	7.88400e-003	-8.74600e-001	1.26873e+000	
-1.19883e+000	2.15478e+000	5.32847e-001	4.39949e+000	
1.13992e+000	2.80393e+000	6.74806e-001	1.74147e+000	
2.40048e+000	8.22714e-001	3.64058e-003	1.29111e-001	
1.16462e+000	-2.02323e+000	-1.30144e+000	-3.06996e+000	
2.63468e+000	-2.77162e+000	-3.76730e+000	-1.02886e+001	
1.37779e+000	-1.20989e+000	-6.72526e+000	1.65111e+000	
-5.90929e+000	5.76715e+000	9.56517e-001	1.04458e+001	
1.10451e+000	3.89955e+000	2.36617e+000	4.97860e+000	
3.44366e+000	-4.19019e+000	2.20104e+000	-1.02838e+000	
-8.12660e+000	-7.45168e+000	-1.82416e+000	-7.51344e+000	
1.37005e+000	-3.55649e+000	-5.45839e+000	-7.09791e+000	
1.85745e+000	-2.98118e-001	-5.77505e-002	3.70508e+000	
-2.54690e+000	-1.07146e+000	1.02125e+001	4.21587e+000	
4.34234e+000	-6.36948e+000	6.55927e+000	3.81462e+000	
4.44790e+000	-2.85541e+000	8.12213e-001	5.22436e-001	
1.99382e+000	2.52084e+000	-3.67391e+000	-4.62986e+000	
2.30591e+000	1.75360e+000	-2.26411e+000	-2.54879e+000	
-3.67435e+000	2.70094e-001	2.81191e+000	-2.00413e+000	
8.49412e-001	-4.36138e-001	3.36954e+000	-2.57301e+000	
-2.29791e+000	-1.94812e+000	-1.26019e+000	3.77239e+000	
-5.98949e+000	1.87671e+000	-1.18942e+000	3.16849e+000	
3.56565e+000	3.51260e+000	3.56124e-001	-1.92818e+000	
2.17198e+000	-3.14880e+000	2.22835e+000	-7.75007e-001	
-1.06069e+000	-6.50018e+000	2.84248e-001	3.33051e-001	
4.26025e+000	-2.88497e+000	8.25530e-002	-3.40636e+000	
2.87594e+000	4.49429e-003	-8.20308e-002	-3.80891e+000	
2.00273e-001	1.30334e+000	-2.07056e+000	2.77228e+000	
-1.89559e+000	5.04510e-001	-6.50004e-001	4.18964e+000	
-8.83752e-001	1.38876e+000	8.61740e-001	1.49328e+000	
-2.70566e+000	2.96812e+000	-8.37489e-001	1.27983e+000	
-4.97995e+000	-4.53085e-001	-4.27616e-001	5.30268e-003	
5.71203e-002	-5.10399e+000	-7.27536e-001	-8.18666e+000	
2.74500e+000	-4.90509e+000	-3.76496e+000	2.22906e+000	
-6.24092e+000	1.39282e+000	6.47567e-002	1.18160e+001	
5.97301e-001	5.40759e+000	-6.59523e-001	7.60331e+000	
5.87984e+000	1.73950e+000	2.82254e+000	-1.89330e+000	
-7.23851e+000	-6.50235e+000	3.28249e+000	-6.52630e+000	
-6.11694e-001	-4.56411e+000	-3.17629e+000	-8.53286e+000	
2.05977e+000	3.15739e+000	-5.19600e+000	1.03899e+000	
-4.28875e+000	5.31811e+000	6.11587e+000	5.02832e+000	
-5.08884e-002	-2.31106e+000	7.89112e+000	4.61380e+000	
9.42663e+000	-5.68495e+000	4.46989e+000	-1.63906e+000	
4.40503e+000	-2.51348e+000	-3.72854e+000	-6.18948e+000	
2.10264e+000	5.84727e+000	-8.74855e+000	-6.05126e+000	
3.36035e+000	6.36261e+000	-4.74225e+000	-3.35779e+000	
5.08510e+000	-2.16572e+000	4.97937e+000	2.23151e+000	
-1.47387e+000	-6.78137e+000	1.55098e+000	6.14373e+000	
-3.63283e+000	4.70461e+000	-7.15183e+000	5.31600e+000	
2.14385e-001	1.26434e+001	-6.01616e+000	-3.46329e+000	
-1.85190e+000	9.77725e-002	2.06253e+000	-4.57063e+000	
-2.10252e+000	-1.28008e+001	5.19500e+000	-1.80250e+000	
1.65650e+000	-7.09524e+000	4.01974e+000	2.70900e+000	
3.40201e+000	4.91869e+000	1.47510e+000	2.15699e+000	
2.74364e+000	4.09749e+000	-4.59759e-001	1.91543e+000	
4.23053e+000	-4.90740e+000	2.64912e+000	4.11886e-001	
2.71542e+000	-9.03171e+000	-7.69199e-001	-1.25395e+000	
-1.28512e+000	-5.35653e-001	-4.89083e+000	-5.44837e-001	
-6.96197e+000	5.13657e+000	-4.79550e+000	1.92740e+000	
-4.99854e+000	1.15231e+000	-3.42357e-001	-6.03498e-001	
-3.80814e+000	-6.50208e+000	5.24709e-001	2.26379e+000	
-4.27966e+000	-5.45066e+000	1.86387e+000	5.02572e+000	
1.02961e+000	-1.19565e+000	-4.16172e+000	1.94051e+000	
3.74517e+000	1.58480e+000	-3.57651e+000	-1.28710e+000	
-1.61610e-001	-1.22679e-001	2.23304e+000	-4.39753e+000	
4.08616e+000	5.29998e-001	1.63762e+000	-7.47915e-001	
3.56389e+000	5.56215e+000	9.29202e-001	1.98317e+000	
1.46205e+000	7.35735e+000	1.70977e+000	-1.51626e+000	
2.98911e+000	4.01791e+000	-1.25798e+000	4.12174e-001	
-2.05407e+000	7.55602e-001	-1.81589e+000	-1.11732e+000	
-5.54432e-001	1.49220e+000	-1.71628e+000	-3.88660e+000	
-2.69914e+000	3.85914e+000	-1.91066e+000	7.49578e-001	
-3.85617e+000	4.18670e+000	3.14564e+000	1.81296e+000	
3.80949e+000	1.54987e-001	3.94496e+000	-1.40788e+000	
4.36798e+000	-2.66587e+000	5.36988e-001	2.95429e-001	
1.64045e-001	-1.31916e+000	-2.99143e+000	2.63463e+000	
3.38451e+000	4.34207e+000	-1.43774e+000	-6.46305e-001	
1.31931e+000	4.92561e+000	2.29637e+000	-3.21410e+000	
-3.06849e+000	7.76752e-001	4.19412e+000	2.53920e-001	
-2.05109e+000	-3.89228e-001	4.09258e+000	-6.64775e-002	
2.58231e+000	1.68816e-001	4.64974e-001	8.82175e-001	
-4.39095e-001	-2.12233e+000	3.85924e-001	1.48780e+000	
-5.84419e-001	-5.26316e+000	1.53442e+000	-3.76121e+000	
4.57505e+000	-4.89981e+000	-1.25495e+000	-1.08042e+000	
-1.16680e+000	1.48750e-001	-2.06118e+000	1.93143e+000	
-8.68282e-001	4.80982e+000	-2.00241e+000	-3.29080e-001	
2.75463e+000	4.65635e+000	-1.76801e+000	1.43347e+000	
-1.57509e+000	1.43662e+000	4.27863e-001	2.02626e+000	
-2.82645e-001	1.78577e-001	-2.10739e+000	1.60210e+000	
-3.90654e-001	3.33174e+000	-2.00903e+000	1.91197e+000	
-2.32667e+000	4.53324e+000	1.22512e+000	-1.39030e+000	
7.82520e-001	-4.83455e-001	1.13379e+000	-1.58602e+000	
3.21718e-001	-3.93232e+000	3.04851e+000	2.45559e-001	
1.14359e+000	-1.66286e+000	2.54538e+000	1.69823e+000	
4.08860e+000	2.22813e+000	-1.61350e+000	6.25769e-001	
1.25743e+000	9.36329e-001	-2.62542e+000	1.33805e+000	
-5.57145e-001	-1.77498e+000	-1.02842e+000	1.51461e+000	
-1.16775e+000	-1.71858e+000	-1.88542e+000	3.07678e-001	
-3.06768e+000	1.26511e+000	-1.73215e+000	3.42589e+000	
-4.66610e+000	3.05950e+000	3.03839e-001	2.62295e+000	
-7.58372e-001	-9.15817e-001	6.83451e-002	-1.71862e+000	
1.12324e+000	-5.30993e+000	1.96459e-002	-3.13516e-001	
-8.11156e-001	-5.76643e+000	-1.62647e+000	8.44555e-001	
2.93415e+000	-3.15260e+000	-4.17000e+000	1.45998e+000	
5.40314e-001	-2.24314e+000	-3.11600e+000	3.87471e+000	
-2.77757e+000	-1.76495e+000	8.77607e-001	2.35603e+000	
-1.93345e+000	-1.56266e+000	-7.80235e-001	4.21514e+000	
-4.27708e+000	2.66496e+000	1.06422e-001	3.36161e+000	
-4.70070e+000	3.95012e+000	1.61329e-001	-3.43351e-001	
-1.39571e+000	1.07692e+000	2.22628e+000	-1.80049e+000	
-1.52475e+000	-2.31459e+000	4.30559e+000	-2.53396e+000	
2.70864e+000	-2.24093e-001	2.46095e+000	-1.11876e+000	
3.38098e+000	2.99022e+000	-1.49900e+000	2.84390e+000	
2.37810e+000	4.22209e+000	-1.31730e+000	4.99948e+000	
2.81977e+000	3.09000e+000	-1.83437e+000	4.14538e+000	
-1.46057e+000	2.36072e+000	-3.32763e+000	2.97001e+000	
-6.21418e+000	4.65296e+000	-3.42475e+000	8.23943e-001	
-7.00716e+000	6.25387e+000	-2.02462e+000	-1.51785e+000	
-6.98327e+000	4.03309e+000	2.52579e+000	-2.67396e-001	
-4.76787e+000	7.88299e-003	5.25667e+000	2.20830e+000	
1.15214e+000	-9.40899e-001	5.33517e+000	1.27852e+000	
4.44804e+000	-1.09099e+000	1.14649e+000	1.33113e+000	
5.26137e+000	-3.92985e-002	-8.44799e-001	-1.10585e-001	
4.64425e+000	-3.79738e-001	-1.31772e+000	-1.51843e+000	
2.65965e+000	-3.40110e-002	2.15685e-001	8.22501e-001	
-2.24350e+000	1.53088e-001	5.51337e-001	2.25672e+000	
-3.36456e+000	7.39874e-001	-4.80909e-002	2.71909e+000	
-5.60250e+000	5.24168e-001	-1.83672e+000	2.74964e+000	
-6.04729e+000	6.26395e-001	-2.02048e+000	7.36312e-001	
-3.83839e+000	-5.82835e-001	-1.38518e+000	-2.90746e-001	
-1.86411e+000	-1.18453e+000	1.74826e+000	-8.31948e-001	
1.24387e+000	-1.10115e+000	2.79950e+000	-2.46305e+000	
4.47545e+000	-4.36816e-001	2.65533e+000	-2.07044e+000	
4.95267e+000	8.06888e-002	3.44542e+000	-1.62422e+000	
6.33684e+000	-6.15103e-001	1.75833e+000	-5.55799e-001	
4.73123e+000	-9.78455e-001	5.50371e-001	-6.97909e-001	
1.05322e+000	-4.85354e-001	-9.64822e-001	-5.44413e-001	
-7.12237e-001	1.48936e+000	-1.04815e+000	-7.43022e-001	
-2.64039e+000	1.81908e+000	-1.40408e+000	1.42265e+000	
-2.72736e+000	1.85854e+000	3.27293e-001	-3.75314e+000	
4.63515e-001	-5.24401e-001	-2.25735e+000	-4.75743e+000	
-8.96232e-001	1.74781e-001	-1.39980e+000	5.72171e+000	
-2.39465e+000	3.27480e+000	-3.74085e-001	8.43723e+000	
5.62108e+000	2.31449e+000	2.38066e+000	-4.91309e+000	
2.83904e+000	-6.22916e+000	1.80662e+000	-6.29023e+000	
-2.03087e+000	-9.27630e+000	-2.41508e-001	-4.17270e+000	
4.73286e+000	-4.64519e+000	-5.81874e+000	-2.79656e+000	
3.51409e+000	-1.85860e-001	1.41868e+000	1.21998e+001	
-6.68394e+000	-1.24595e+000	1.03425e+001	8.69629e-001	
1.10108e+001	-8.81818e+000	-4.66237e+000	-5.79443e+000	
-2.08881e+000	-5.81158e+000	-6.61324e+000	2.08996e+000	
-1.14380e+001	4.93144e+000	-4.59670e+000	-8.97895e+000	
9.98608e+000	5.40664e+000	-6.66056e+000	-6.77076e+000	
-6.92438e+000	-3.26350e+000	5.64861e+000	1.23319e+001	
-5.77468e+000	-5.69837e+000	9.38286e+000	4.79617e-001	
1.13294e+001	1.46563e+000	-4.47613e+000	9.21802e-001	
-5.18633e+000	8.26519e+000	2.37707e+000	-1.40789e+000	
3.56267e+000	1.71662e-001	3.36320e+000	-1.15215e+001	
1.12705e+001	-8.32792e+000	8.24356e-001	6.58242e-002	
-6.83062e+000	-2.04299e-001	7.07151e+000	1.49414e+000	
7.65005e+000	1.02929e+001	-3.92433e-001	-1.72814e+000	
2.73998e+000	8.21272e+000	-5.88196e-001	2.79115e+000	
-6.65395e+000	2.08021e+000	7.19319e+000	2.18350e+000	
5.95407e+000	7.76616e-001	-2.50636e+000	-3.41329e+000	
-2.44635e+000	1.38740e+000	-2.90658e+000	1.50422e+000	
-6.81665e+000	1.05906e-001	-2.16261e-001	-1.85094e+000	
3.97395e+000	-5.28770e+000	-5.02299e+000	-4.68364e+000	
-1.77577e+000	-1.04771e+001	1.82438e-001	4.01465e+000	
-3.81044e+000	-3.61438e+000	3.85585e+000	4.41547e+000	
5.86247e+000	3.13434e+000	-5.78535e+000	-5.69206e-001	
6.04091e-001	1.85637e+000	-4.42550e+000	3.65678e+000	
-4.73856e+000	-2.07298e+000	-1.27164e+000	-2.98754e+000	
2.18949e+000	-1.91165e+000	-7.50831e+000	-2.82885e+000	
-7.66756e+000	6.80490e-001	-4.52814e+000	6.28784e+000	
-8.55157e+000	2.13552e+000	2.29030e+000	4.95307e+000	
-1.41999e+000	-2.39092e+000	4.28917e+000	7.53743e+000	
-5.78852e+000	-4.14572e+000	9.30753e+000	1.63480e+000	
2.51989e+000	-1.73065e+000	3.61276e+000	-6.77263e+000	
5.33003e+000	-1.56212e+000	-1.35731e+000	-4.34133e+000	
2.95464e+000	-1.72156e+000	3.42169e+000	-2.47847e+000	
9.50615e+000	2.77685e-001	-4.77967e-001	5.19826e-001	
4.53367e+000	3.30394e+000	-3.64231e+000	5.24767e+000	
-2.78083e+000	5.42264e+000	-3.01336e+000	8.45495e+000	
-2.81380e+000	8.78188e+000	-3.83242e+000	9.39842e+000	
-6.78001e+000	4.62801e+000	-2.27694e+000	-3.93086e+000	
-7.18572e+000	-3.97543e+000	-1.13685e+000	-5.11977e+000	
-8.82743e+000	-8.62118e+000	-1.61847e+000	-6.41563e+000	
2.42478e-001	-5.14222e+000	-1.64426e+000	-3.93215e+000	
5.90820e+000	-1.25531e+000	-2.11098e+000	1.47511e+001	
-1.39801e+000	9.72121e-001	9.99719e+000	4.73284e+000	
1.57733e+001	-7.86723e+000	8.70297e-001	-4.29017e+000	
7.64015e+000	-8.13052e+000	-6.38588e+000	3.85495e+000	
-1.24590e+001	4.71156e-001	-6.31745e+000	-2.85062e+000	
2.89168e+000	5.61855e+000	-4.52800e+000	-5.76936e+000	
-9.90291e+000	5.03966e-001	2.59353e+000	9.28556e+000	
-1.46029e+001	-5.64631e+000	6.98584e+000	6.31004e+000	
1.57265e-001	-2.62100e+000	-2.46180e+000	7.13128e+000	
-6.07252e+000	4.21368e+000	-2.36923e+000	1.56634e+000	
-2.23480e-001	1.01022e+000	1.01046e+000	-5.00937e+000	
5.74090e+000	-7.47934e+000	3.66008e+000	-1.43167e+000	
5.24985e-001	-3.89937e+000	7.63741e+000	-1.10205e+000	
8.02903e+000	5.82666e+000	6.25836e-001	-7.20544e-001	
3.50405e+000	1.13430e+001	-1.37635e+000	1.87838e+000	
-1.65406e+000	7.44738e+000	3.32581e+000	-8.18263e-001	
5.87564e+000	3.65835e+000	-6.23926e-001	-3.91976e+000	
-3.76634e+000	3.45878e+000	-5.97987e+000	-2.14496e+000	
-7.63445e+000	7.35695e+000	-3.20553e+000	-5.08100e-001	
-1.33382e-001	5.92062e+000	5.26230e-001	-5.62811e+000	
2.50931e+000	-2.70180e+000	1.37329e+000	2.59787e+000	
-6.64607e-001	-4.95607e+000	4.34105e+000	2.53820e+000	
8.27097e+000	-2.22985e+000	1.24582e+000	-7.29741e+000	
1.22362e+001	-3.61706e-001	-2.92079e+000	-2.50586e+000	
1.00858e+000	-1.09221e+000	-1.25550e+000	-2.17696e+000	
5.84986e+000	-9.26664e-001	-6.65037e-001	-4.93515e+000	
2.20455e+000	1.78207e+000	-4.00434e-001	1.42798e+000	
-5.06448e+000	5.82734e+000	3.93779e+000	-1.64311e+000	
4.51170e-001	2.51501e+000	-6.21856e-001	8.73081e-001	
-3.59076e+000	1.00968e+000	2.88517e+000	-1.16072e-001	
-8.63256e-001	-9.39002e-001	1.61624e+000	-4.95950e+000	
4.45090e+000	-2.81270e+000	-1.73240e-002	1.17301e+000	
-9.97318e-001	-3.27883e+000	5.65441e+000	-1.12079e+000	
8.71888e+000	-3.56734e+000	1.95216e+000	-1.03965e+000	
6.25394e+000	-2.47538e+000	-2.34330e+000	1.38344e+000	
-2.90781e-001	-5.81131e-003	-1.92321e+000	-1.31623e+000	
5.87401e+000	2.62185e+000	-3.23809e+000	-2.06180e+000	
-1.45744e+000	3.67530e+000	-2.16230e+000	-1.12021e+000	
-3.66647e+000	4.71654e+000	-3.24099e+000	1.39353e+000	
-1.85773e+000	4.11905e+000	-3.88208e+000	4.12878e-001	
-2.14661e+000	1.48095e+000	3.36125e-001	-2.40094e+000	
1.06869e+000	-2.81555e+000	-9.14051e-001	1.77516e-001	
1.05648e+000	-4.31845e+000	-3.75049e-001	-1.60146e+000	
3.04827e+000	-4.58974e+000	1.16358e-001	-2.08400e+000	
5.04359e+000	-3.31001e+000	1.06303e+000	-3.07332e-001	
2.81095e+000	-2.19785e+000	1.11448e+000	1.25774e-001	
2.62248e+000	-4.43189e-001	-1.04359e+000	1.77561e+000	
1.18593e+000	2.51298e+000	-3.68013e-001	-5.61574e-001	
-1.07100e+000	2.02842e+000	-1.50424e+000	1.80934e+000	
-2.28854e+000	2.16861e+000	1.04454e+000	2.49582e+000	
-3.41911e+000	1.06838e+000	8.78990e-001	-5.15165e-001	
-1.72692e+000	-4.12549e-001	-2.21520e-002	5.77760e-001	
-4.38685e+000	-2.53192e+000	1.91050e+000	1.01432e+000	
-6.64063e-001	-1.42451e+000	3.39093e+000	6.37284e-001	
1.40208e+000	-5.08237e-002	1.05351e+000	2.24114e+000	
-1.46000e-001	1.10675e+000	8.73334e-001	1.76984e+000	
8.71945e-001	1.00846e+000	-1.81511e-002	1.49643e+000	
4.35160e-001	2.45996e+000	1.71267e+000	4.76004e-001	
-1.43614e+000	3.05977e+000	2.58869e-001	8.32722e-001	
-2.21174e+000	2.76081e+000	-1.68179e+000	2.40055e+000	
-3.83975e+000	2.19369e+000	-1.99152e-001	1.77719e+000	
-3.24814e+000	8.24610e-001	-9.69923e-001	3.48108e+000	
-2.96753e+000	2.04238e+000	-1.38435e+000	3.13027e+000	
-4.21438e+000	2.73505e+000	-2.61356e+000	2.52623e+000	
-1.27453e+000	3.40224e+000	-7.11252e-001	1.54832e+000	
-1.87496e+000	2.06177e+000	1.61195e-001	1.83095e+000	
-8.37203e-001	3.01909e+000	8.31257e-001	2.36740e+000	
-5.53611e-001	3.32171e+000	5.13800e-002	2.33108e+000	
-8.94166e-002	3.71814e+000	1.37095e+000	1.37061e+000	
-4.51572e-001	2.48789e+000	8.14426e-001	1.11867e+000	
-8.89715e-001	2.42363e+000	2.39170e+000	7.97986e-001	
-1.28172e+000	1.07421e+000	2.62099e+000	6.73603e-001	
-4.45738e-001	9.49236e-002	2.16876e+000	1.26813e+000	
-1.86139e+000	-5.05963e-001	7.68072e-001	1.54817e+000	
-1.48526e+000	-5.29553e-001	-1.15272e+000	1.67847e+000	
-7.42898e-001	-3.13169e-001	-1.95274e+000	1.88327e+000	
-2.16601e+000	-9.60288e-001	-2.51298e+000	2.62294e+000	
-1.15689e+000	-4.83457e-001	-1.77574e+000	2.05089e+000	
-1.49923e+000	-6.67844e-001	-2.64556e+000	2.16000e+000	
-1.39896e+000	8.71956e-002	-1.79229e+000	1.66492e+000	
-1.82231e+000	-8.40707e-001	-2.62928e+000	1.69417e+000	
-1.66125e+000	-8.55892e-001	-1.58784e+000	1.10469e+000	
-2.14227e+000	-2.21928e+000	-2.17292e+000	1.23896e-001	
-1.49855e+000	-1.69160e+000	-1.11547e+000	6.70719e-001	
-1.92435e+000	-8.43826e-001	-7.12631e-001	1.33847e+000	
-2.90340e-002	5.30132e-001	3.62062e-001	1.59573e+000	
-8.33099e-002	-1.07496e-001	-8.07833e-002	1.66247e+000	
1.47227e-001	-3.61842e-001	5.73127e-002	1.18612e+000	
5.58367e-001	6.07576e-002	6.13135e-002	-1.46633e-001	
7.58238e-001	6.29512e-001	1.29741e-001	-6.79764e-001	
6.17799e-001	2.12877e-001	6.84332e-001	-1.10725e+000	
3.99746e-001	-1.29219e+000	1.11214e+000	-9.44960e-001	
1.33221e+000	-1.08285e+000	2.14724e+000	-8.97974e-001	
1.22474e+000	-6.96723e-001	8.35120e-001	-8.53295e-001	
1.74565e+000	-2.29382e-001	4.30765e-001	-6.65784e-001	
1.14468e+000	-1.06143e+000	-4.04846e-001	-1.35515e+000	
1.62828e+000	-4.15803e-001	3.21778e-001	-2.06772e+000	
1.09760e+000	-1.35968e-001	6.76598e-002	-1.73550e+000	
1.20914e+000	3.73945e-001	1.24417e+000	-5.95882e-001	
1.36165e+000	-7.77799e-001	6.58948e-001	-5.95017e-001	
1.77347e+000	-7.11230e-001	1.39275e+000	-1.43298e+000	
1.31579e+000	-7.53259e-001	7.62692e-001	-1.48616e+000	
1.64836e+000	-3.90178e-001	1.25410e+000	-2.50875e+000	
1.64958e+000	-5.51246e-001	9.95703e-001	-2.92197e+000	
1.72435e+000	3.54828e-001	7.28893e-001	-2.37140e+000	
9.92032e-001	6.81845e-001	-1.24102e-001	-2.37436e-001	
1.31484e+000	1.01239e+000	3.71306e-001	-5.37511e-001	
1.22216e+000	7.22248e-001	2.63698e-001	5.73066e-002	
4.02324e-001	4.06891e-001	5.95205e-002	1.52431e-001	
5.72751e-001	5.01389e-001	-1.83286e-001	-1.02654e+000	
7.75336e-001	6.19072e-001	-1.12789e-001	-1.35155e+000	
6.21871e-001	1.82779e-001	-2.18189e-001	-7.71864e-001	
7.04506e-001	-5.01896e-001	-4.08709e-001	1.18684e+000	
8.44673e-001	-1.39222e-001	-6.92351e-001	1.59429e+000	
7.00299e-001	2.69142e-001	-3.09241e-001	-5.44321e+000	
2.43021e+000	-5.83379e-001	-3.57471e+000	-7.29347e-001	
-5.55093e+000	3.93506e+000	-5.14385e-001	7.22899e+000	
-9.14544e-001	6.21076e+000	1.28909e-002	4.98915e-001	
3.87408e+000	-7.79562e-001	1.21602e-001	-1.14351e-001	
-7.58844e+000	-8.26515e+000	1.83311e+000	-7.38707e+000	
7.10341e-001	-9.81889e+000	-3.27354e+000	-4.10411e+000	
9.93797e-001	-1.41244e+000	-2.33060e+000	8.75329e+000	
-2.80850e+000	2.19721e+000	3.36872e+000	5.74965e+000	
5.88636e+000	-6.37572e+000	8.38460e+000	3.71240e+000	
1.95475e+000	-7.58821e+000	1.23106e+000	-3.37641e+000	
4.21593e-001	3.57605e+000	-1.19125e+001	-4.11204e+000	
-1.29502e+000	6.51730e+000	-6.48962e+000	-8.66702e-001	
-5.50316e+000	7.87893e-002	6.15796e+000	2.04022e+000	
3.72473e-001	-2.90341e+000	1.33370e+000	2.46151e+000	
-7.47121e+000	-9.59882e-001	9.60801e-001	6.48427e+000	
-4.59961e+000	1.42834e+000	3.45094e+000	-3.58756e+000	
6.23726e+000	7.32958e-001	-2.29639e+000	-4.00736e-001	
-1.98595e+000	-8.43273e+000	8.51359e+000	-2.74066e+000	
6.36331e+000	-1.42439e+001	1.03984e+001	-2.76353e-001	
1.09829e+001	-6.50425e+000	-1.24804e+000	4.14320e+000	
-7.09381e-001	2.04306e+000	-4.68637e+000	1.76681e+000	
2.26697e+000	4.23659e+000	-5.24096e+000	-9.39776e-001	
-2.27673e+000	1.12112e+000	-3.26596e+000	-8.22312e-001	
-8.27910e+000	1.02364e+000	-1.35717e+000	2.66170e+000	
-8.51887e+000	7.95919e+000	-5.85971e+000	3.20045e+000	
-8.76949e+000	1.17258e+001	-4.14571e+000	2.38382e+000	
-2.85260e+000	1.01659e+000	-1.10374e+000	4.92282e-001	
-4.70973e-001	-7.04453e+000	3.60421e+000	6.35254e+000	
-1.17398e+000	-4.95811e+000	3.87930e+000	3.93738e+000	
6.80742e+000	-1.96791e+000	-4.53267e-002	1.62816e+000	
1.34388e+000	-3.38160e+000	1.36281e+000	-3.60226e+000	
-1.72814e+000	-5.33990e+000	5.00918e+000	-5.77917e+000	
2.66577e+000	-2.01591e+000	2.51793e+000	3.22207e+000	
-4.34451e+000	9.05372e+000	-2.28908e+000	7.17551e+000	
-3.33769e+000	1.20637e+001	-5.34802e-001	-3.25491e+000	
-5.57626e-002	2.57778e+000	2.90242e+000	-4.20627e-001	
-2.67010e+000	-3.20331e+000	-2.30894e+000	2.75481e+000	
8.06681e-001	-1.24595e+000	-4.43639e+000	-1.74805e+000	
6.48196e-001	8.89281e-001	-7.57466e-001	-1.27949e+000	
3.71796e-001	-9.36698e-001	1.70440e-001	-3.41576e+000	
6.21867e+000	-4.42908e+000	4.52012e-001	-6.86689e-001	
-4.88613e-001	-1.30154e+000	9.53766e-001	2.24848e+000	
1.32963e+000	9.50072e+000	-3.52145e+000	-7.72445e-001	
4.26582e+000	9.73500e+000	-2.49863e+000	-7.85705e-001	
-3.89537e+000	7.79868e-001	8.72480e+000	-4.71018e+000	
2.50267e+000	-5.91014e+000	2.24643e+000	-3.62330e+000	
2.99671e+000	-4.43057e+000	-2.51711e-001	5.27835e+000	
-5.43702e-001	-4.52681e-001	1.41882e+000	7.94964e-002	
7.80936e+000	-2.79508e+000	-2.63480e+000	-3.86875e+000	
2.21039e+000	-9.26071e+000	1.57950e-003	3.05286e+000	
-2.07401e+000	-3.76556e+000	-3.61126e+000	3.72133e+000	
6.13324e-001	8.64576e+000	-1.04476e+001	-8.14954e-002	
-5.68987e+000	9.31308e+000	-1.73407e+000	-1.24331e+000	
-5.13463e+000	1.51145e+000	2.17373e+000	-1.77485e-001	
-2.19383e+000	-1.25328e+000	-1.10733e+000	5.56819e+000	
-5.41510e+000	7.38652e-001	1.65487e+000	2.47159e+000	
2.22830e+000	-1.86921e+000	-1.34075e+000	-1.79677e+000	
1.35609e+000	-8.49577e+000	2.13717e+000	-5.18594e+000	
-6.60124e-001	-1.14786e+001	1.06551e+001	-6.85682e+000	
8.20232e+000	-3.98099e+000	5.65731e+000	1.37218e+000	
4.86869e+000	4.33963e+000	-4.05534e-001	3.55241e+000	
5.53208e+000	2.26419e+000	2.33417e+000	-3.72650e+000	
6.65206e+000	-1.91178e+000	-3.95877e-001	-2.03660e+000	
-5.01909e-001	-8.59396e-002	-7.78574e+000	1.54196e+000	
-2.43589e+000	5.63346e+000	-9.33887e+000	-2.24616e-001	
-6.32178e+000	9.29030e+000	-4.79563e+000	-1.55535e+000	
-5.69665e+000	5.74857e+000	-1.54313e-001	-4.26685e-001	
-2.43291e+000	3.77605e-001	2.25844e+000	2.82658e+000	
-1.85948e+000	2.07600e+000	3.48157e+000	2.33135e-001	
5.50385e+000	5.24611e+000	2.12656e-001	-4.42783e+000	
7.53296e+000	7.85020e-001	1.65625e+000	-2.60144e+000	
5.73697e+000	-5.29123e+000	6.22845e+000	-1.47594e+000	
6.99563e+000	-4.37363e+000	3.59373e+000	1.41311e+000	
2.52601e+000	3.03577e+000	1.76275e+000	3.02101e+000	
-1.89870e+000	6.04589e+000	-2.53228e-001	3.36186e-001	
-1.63356e+000	1.48746e+000	1.17051e-001	-7.53424e-001	
-5.77074e+000	-3.47989e+000	1.47290e+000	1.23555e+000	
-5.28049e+000	1.63119e-001	3.86759e-001	2.33222e+000	
-3.01922e+000	2.53724e+000	-2.13511e+000	-6.93900e-001	
-1.40954e+000	-1.76482e+000	-6.93452e-001	1.63738e+000	
-1.02472e+000	-5.73077e+000	-7.28356e-001	3.51205e+000	
1.88637e+000	-1.50166e+000	-1.99164e+000	2.18175e+000	
1.71228e+000	2.99279e+000	-4.24794e+000	8.06331e-001	
-1.60195e+000	2.91592e+000	-1.99440e+000	-8.26643e-001	
-1.55350e+000	3.34762e-001	1.52422e+000	-1.47724e+000	
-2.21703e+000	9.49071e-001	3.27174e+000	5.20236e-001	
-2.63997e+000	3.69997e+000	2.68942e+000	1.83264e-001	
1.37326e-001	2.38607e+000	1.73130e+000	-1.13537e+000	
1.88392e+000	-3.94361e-002	3.24718e+000	-5.04661e-001	
1.92341e+000	-2.00504e-001	-1.30031e-001	4.45433e-001	
3.86594e+000	4.05898e+000	-1.14609e+000	1.56545e+000	
1.83616e+000	4.26452e+000	-1.34944e+000	1.15281e+000	
1.66492e+000	1.86721e+000	-9.84957e-001	1.47984e+000	
-1.31808e+000	-8.99685e-001	-2.27721e+000	1.58174e+000	
-3.38749e+000	1.19542e+000	-1.81422e+000	1.42536e+000	
-3.95820e+000	1.63605e+000	-3.78219e+000	1.19317e+000	
-3.52535e+000	1.95658e-001	-7.26700e-001	6.80938e-001	
-3.84110e+000	-3.37387e+000	8.26018e-001	5.02219e-001	
-1.39502e+000	-3.48884e+000	8.48229e-001	-7.85712e-001	
-4.35556e-001	-2.57924e+000	-6.25697e-002	3.04907e-001	
-2.91647e-002	-1.69147e+000	1.70012e+000	2.26520e+000	
1.89600e+000	-2.64310e+000	2.46868e+000	-1.18134e+000	
3.29903e+000	-4.65306e+000	1.57197e-001	-4.97456e-001	
-3.15334e-001	-1.45881e+000	-9.38051e-001	2.09037e+000	
-1.22988e+000	2.34201e+000	-4.32354e+000	1.75325e+000	
-1.91235e-002	3.59368e+000	-2.49463e+000	3.32886e+000	
-6.98136e+000	1.21020e+000	2.70875e-001	3.25449e+000	
-4.46445e+000	1.33167e+000	6.14942e-001	-6.85400e-001	
-4.31696e+000	2.89544e+000	-1.69901e-001	-1.49670e+000	
-3.36360e+000	5.03678e+000	1.08262e+000	-7.30512e-001	
1.37767e+000	-2.72632e-001	7.61040e-001	-5.36804e-001	
3.02372e+000	-3.62198e+000	5.00477e+000	1.55738e+000	
4.79990e+000	-2.79264e+000	1.67391e+000	-2.25366e+000	
7.31789e+000	-1.74533e-003	-1.77891e+000	-2.49124e-001	
1.52788e+000	7.34585e-001	-2.73093e-001	4.75553e-001	
1.49531e+000	1.90409e+000	9.25900e-001	-3.56984e+000	
1.12148e+000	1.08587e+000	-1.14306e+000	-2.65837e+000	
-5.26855e+000	3.86146e-001	3.82345e-001	-2.88328e-001	
-3.12425e+000	1.91263e+000	-4.84721e-001	-9.73802e-001	
-1.26693e+000	1.46115e+000	-9.08506e-002	3.49520e-002	
-1.50764e+000	-3.72147e-001	3.90165e+000	-7.38650e-002	
3.41722e+000	-3.43596e+000	-1.70430e-002	-1.22084e+000	
3.84695e+000	-3.18989e+000	-2.83854e-001	-8.34286e-001	
2.04105e+000	-1.27985e+000	-1.00924e+000	-1.81566e+000	
3.79715e+000	1.41817e+000	-2.79234e+000	-6.86987e-001	
-4.45188e-001	-3.64536e-002	-1.37427e+000	1.57237e+000	
-2.33413e+000	1.10024e+000	2.00846e+000	2.21489e+000	
-2.55462e+000	3.25744e+000	-1.22335e+000	4.38870e-002	
-2.67321e+000	4.01858e+000	-1.66385e+000	-1.15151e+000	
-3.68722e+000	2.12346e+000	-3.91461e-001	-1.01329e+000	
1.86312e-001	6.99741e-001	-3.89943e-001	-2.49991e-001	
1.50196e+000	-6.22020e-001	-5.74255e-001	1.36799e+000	
1.14075e+000	-1.66137e+000	-2.69782e-001	-4.24119e+000	
3.59416e+000	-3.91605e+000	-3.17876e+000	-5.66158e+000	
3.23630e-001	-2.51606e+000	-2.83828e+000	4.25070e+000	
-3.10471e+000	3.68587e+000	7.18412e-001	8.05396e+000	
1.90414e+000	2.53331e+000	1.53057e+000	1.55594e+000	
-1.81959e+000	-5.66000e+000	4.13177e+000	-1.50924e+000	
-5.52202e+000	-9.58393e+000	2.33627e-001	-5.97419e+000	
1.45835e-004	-3.89503e+000	-4.56607e+000	-2.45516e+000	
-1.38036e+000	1.48854e+000	1.13298e+000	2.81836e+000	
-5.86169e-001	-1.97022e+000	7.75510e+000	2.39981e+000	
3.90041e+000	-6.61516e+000	4.65242e+000	8.76082e-001	
2.04540e+000	-1.52254e+000	-1.22859e+000	-1.11664e+000	
2.46142e+000	4.27523e+000	-4.97084e+000	-3.09062e+000	
1.14170e+000	2.37319e+000	-1.66578e+000	-1.65178e+000	
-9.93103e-001	-1.66516e+000	3.43508e+000	-2.41783e+000	
9.09810e-001	-3.05729e+000	2.17787e+000	-1.34638e+000	
-3.41014e+000	9.03380e-001	1.15259e-001	3.73977e+000	
-2.73712e+000	6.08006e+000	-8.17447e-002	3.93290e+000	
1.94349e+000	3.70688e+000	1.89837e+000	3.49725e-001	
9.13298e-002	-4.53171e+000	5.82355e+000	-4.20473e+000	
2.57947e+000	-8.74104e+000	3.58173e+000	-7.36427e-001	
4.46095e+000	-3.69072e+000	-8.60931e-001	3.36215e+000	
1.95788e+000	3.24863e+000	-3.31382e+000	1.18163e+000	
1.66425e+000	4.64672e+000	-3.16657e-002	2.80295e-002	
-9.96766e-001	-2.32503e+000	2.02460e+000	-2.71920e+000	
-5.04076e-001	-3.75118e+000	-1.88927e+000	2.26638e-001	
-5.11780e+000	2.77152e+000	-7.60418e+000	2.06889e+000	
-6.51690e+000	5.94502e+000	-5.06962e+000	2.74831e+000	
-2.20481e+000	-9.68018e-001	9.40141e-002	5.58709e-001	
-2.68637e+000	-5.92506e+000	4.01450e+000	3.12246e+000	
-3.39780e+000	-2.34116e+000	7.20068e-001	-5.68086e-001	
1.50101e+000	4.61459e+000	1.10707e-001	-3.83144e+000	
2.40009e+000	1.97134e+000	5.59716e+000	-6.33538e+000	
2.35830e+000	-5.80114e+000	7.52498e+000	-8.66795e+000	
6.73999e+000	-5.66380e+000	2.17083e+000	-2.42417e+000	
5.60264e+000	2.12617e+000	-1.82319e+000	1.12268e+000	
4.57615e+000	6.50998e+000	-1.74483e+000	6.21560e+000	
2.99590e+000	4.57418e+000	8.31157e-002	-1.75066e+000	
2.51488e+000	-2.26400e-001	6.73576e-001	-3.55702e+000	
9.67751e-001	-4.25622e+000	-4.72017e+000	-4.33647e+000	
-3.66714e+000	-1.53108e+000	-7.44650e+000	-2.26217e+000	
-1.23531e+000	1.85677e+000	-8.45041e+000	-2.90037e+000	
-4.27818e-001	2.09756e+000	-3.24112e+000	3.66525e+000	
-3.25613e+000	-1.26927e+000	3.27302e-001	6.58961e+000	
7.47662e-001	9.06092e-001	5.63486e-001	1.26955e+000	
1.93101e+000	1.02716e+000	-1.34168e-001	-1.92592e+000	
1.15337e+000	-3.49928e+000	2.40757e+000	-3.42442e+000	
1.13234e+000	-9.36375e+000	2.30714e+000	1.80080e+000	
2.07403e+000	-9.34192e+000	3.28264e+000	2.26692e+000	
-1.59896e+000	-6.17859e+000	3.87199e+000	7.60631e-001	
-1.93452e+000	-3.62862e+000	2.57822e+000	-4.81613e+000	
-9.17793e-001	-2.26266e+000	8.95689e-001	-4.52801e+000	
-1.53844e+000	-4.27328e-001	-2.05399e+000	-2.02407e+000	
9.54318e-001	4.23361e+000	-4.84474e+000	1.00522e-001	
3.63118e-001	5.59252e+000	-5.22206e+000	3.75936e+000	
1.61336e+000	4.83083e+000	-2.04144e+000	2.09439e+000	
1.86955e+000	2.63798e+000	-3.57470e+000	-7.35710e-001	
3.51042e-001	3.22382e+000	-3.23767e+000	-9.12556e-001	
-7.81154e-001	3.36238e+000	-2.28728e+000	-3.46939e+000	
6.03967e-001	2.49128e+000	1.78859e-001	-4.03798e+000	
-1.54929e+000	7.97222e-001	2.52566e+000	-2.51742e+000	
1.38552e-001	1.98042e+000	3.30885e+000	1.30788e+000	
2.86876e+000	3.84721e+000	7.13722e-001	1.95416e+000	
2.73077e+000	4.45338e+000	2.84397e-001	-1.95042e+000	
3.52184e+000	1.87331e+000	-1.39962e-001	-8.61247e-001	
1.40291e+000	-1.56104e+000	-6.34679e-001	-9.37635e-001	
-8.61889e-001	-1.66259e+000	-1.28032e+000	-6.25598e-001	
-2.79221e+000	1.54752e+000	-7.84364e-001	-8.15847e-001	
-4.61629e+000	6.68015e-001	1.23589e+000	9.99161e-001	
-3.23090e+000	-4.22951e+000	2.56291e+000	1.83640e+000	
-2.28948e+000	-5.86418e+000	2.78668e+000	3.71482e-001	
-9.59992e-001	-4.65468e+000	7.99946e-001	1.41741e-001	
1.08689e+000	-2.39024e+000	7.40211e-001	-1.25140e+000	
1.92531e+000	-2.14783e+000	1.78345e+000	-2.79415e+000	
2.33550e+000	-1.81023e+000	2.15663e+000	-5.78613e-001	
1.07033e+000	1.34767e+000	1.58438e+000	7.84985e-001	
2.17281e+000	4.99814e+000	6.01563e-001	-1.32073e+000	
1.48188e+000	4.36553e+000	-2.37636e-001	-1.10353e+000	
-9.69354e-001	2.37685e+000	6.14117e-001	4.33168e-001	
-2.40158e-001	2.65601e+000	-1.29201e-001	-3.26100e-001	
7.50920e-001	3.31791e+000	-1.08925e+000	1.28768e-001	
-3.80868e-001	1.85135e+000	-6.75790e-001	3.06046e-001	
6.95830e-001	3.38286e-001	-1.25425e+000	2.04724e-001	
9.74266e-001	1.25046e+000	-2.14491e+000	-6.82530e-001	
3.32589e-001	2.96649e+000	-2.20050e+000	-2.26994e-004	
2.34078e-001	1.96361e+000	-1.71144e+000	1.09457e+000	
3.22819e-001	2.14231e-001	-8.13886e-001	9.49578e-001	
-4.93219e-001	-9.96896e-001	-1.88692e+000	1.49957e+000	
-1.67698e+000	-3.03274e-001	-1.55472e+000	1.70568e+000	
-2.64349e+000	-1.21599e+000	-1.02248e+000	1.44524e+000	
-2.09612e+000	-1.72889e+000	1.32101e+000	-3.61557e-001	
-2.71894e+000	-2.11339e+000	1.63984e+000	-4.06526e-001	
-1.65703e+000	-6.10225e-001	2.43765e+000	-1.61363e-001	
-1.68513e-001	9.24814e-002	2.57050e+000	-1.68858e-001	
2.04934e+000	-5.59789e-001	2.80613e+000	-6.13927e-001	
2.39521e+000	-2.15691e+000	1.69598e+000	-6.85414e-001	
2.14880e+000	-2.56039e+000	5.78708e-002	5.16904e-001	
1.79220e+000	-1.43875e+000	-1.57583e+000	5.38235e-001	
-7.80881e-001	2.58972e-001	-2.62293e+000	1.89564e+000	
-2.06057e+000	1.80729e+000	-2.39475e+000	2.43204e-001	
-2.68189e+000	1.25222e+000	-1.35496e+000	1.82804e+000	
-2.85028e+000	8.21626e-001	5.74386e-001	1.04816e+000	
-3.13320e+000	1.29073e+000	-9.03867e-003	5.14453e-001	
-2.47077e-001	2.57724e+000	-1.45893e-001	1.26781e+000	
-1.73669e-001	8.15524e-001	-2.11699e-001	8.89907e-001	
1.99262e+000	1.61503e-002	-8.79506e-002	6.26042e+000	
9.44550e-001	1.12844e+000	-4.05530e-001	4.26102e-001	
4.34086e-001	3.09718e+000	8.86357e-002	1.36077e+000	
-8.99066e-001	2.70495e+000	4.29530e-001	-1.81841e+000	
-4.29755e+000	1.29480e+000	1.69999e+000	1.17326e+000	
-2.91528e+000	1.31961e+000	9.18315e-001	7.55867e-001	
-2.98082e+000	2.15843e+000	1.76791e-001	3.31890e+000	
-2.89927e+000	-1.91557e-001	-3.73799e-001	3.29930e+000	
-1.35118e+000	-1.93714e+000	1.80014e-002	9.11958e-001	
-1.06203e+000	-1.42045e+000	2.96125e-001	-3.52192e-001	
-1.04832e+000	5.28368e-001	5.64729e-001	-1.39165e+000	
-1.64441e-001	1.75997e+000	1.40545e+000	-1.44454e+000	
5.19028e-001	1.43200e+000	1.53250e+000	-1.85041e+000	
9.13342e-001	1.17400e+000	8.67547e-001	-2.32134e-001	
1.57117e+000	6.19341e-001	-4.27603e-001	-1.22740e-001	
9.07779e-001	7.06642e-003	2.07280e-001	1.03735e+000	
-1.22920e-001	-1.55806e+000	1.11918e+000	-1.89782e+000	
6.72900e-001	-2.31811e+000	1.07048e+000	-3.20752e+000	
-6.79384e-001	-2.89636e+000	-9.70468e-001	-2.72973e+000	
-1.89951e-001	-1.00666e+000	-2.56733e+000	-3.82892e-001	
-5.72461e-002	1.54738e+000	-3.14841e+000	1.95328e+000	
-6.98923e-001	3.28713e+000	-6.18261e-001	2.83910e+000	
-1.12960e+000	2.53901e+000	9.54737e-001	4.26099e-001	
-8.85360e-001	1.81325e+000	9.62324e-001	-2.04585e+000	
-1.57100e+000	1.86830e+000	7.67114e-001	-2.77355e+000	
1.10060e-001	1.77746e+000	1.93051e+000	-3.57606e+000	
2.52425e+000	-5.19523e-001	2.74612e+000	-1.40030e+000	
3.26512e+000	-3.02014e+000	2.49945e+000	-6.74609e-001	
3.94357e+000	-3.46281e+000	8.72928e-001	-1.04286e+000	
3.48344e+000	-1.44702e+000	-4.55470e-001	-1.51992e+000	
1.44321e+000	4.65052e-001	-7.94709e-001	-2.46886e+000	
4.64210e-001	9.15582e-001	-1.22941e+000	-1.09085e+000	
-1.83166e+000	1.11082e+000	-1.32350e+000	-5.67667e-001	
-2.20277e+000	1.18118e+000	-1.34378e+000	-6.27768e-001	
-6.66357e-001	4.40513e-001	-9.48118e-001	-2.41568e+000	
-5.29310e-001	-2.42441e+000	-3.48139e-001	-2.52969e+000	
1.34077e+000	-4.91581e+000	6.38813e-001	-2.82313e+000	
2.66754e+000	-5.59113e+000	-3.63728e-001	-1.24853e+000	
3.18777e+000	-4.07359e+000	-8.81760e-001	-2.43139e+000	
3.39172e+000	-3.35543e+000	-3.03804e+000	-4.76050e+000	
1.61120e+000	-1.88304e+000	-2.48125e+000	-2.36668e+000	
-3.01854e+000	1.92917e+000	5.72455e-001	1.41784e+000	
-1.04832e+000	5.08328e+000	2.67797e+000	-7.98273e-001	
-1.83953e+000	1.42793e+000	2.02750e+000	-5.73865e-001	
-3.02383e+000	-4.41878e+000	-1.07402e-001	-4.74148e+000	
1.60726e+000	-6.72118e+000	-3.84551e+000	-5.46861e+000	
1.52463e+000	-1.92683e+000	1.00371e+000	6.76990e+000	
-2.74580e+000	2.82955e+000	8.85835e+000	3.15935e+000	
6.93295e+000	4.53121e-001	7.07593e+000	-7.89241e+000	
6.36658e+000	-6.26455e+000	-9.81583e-002	-3.36275e+000	
-1.59475e+000	-5.23618e+000	-5.17198e+000	-2.53516e+000	
6.13523e+000	2.14989e+000	-1.00023e+001	-3.73402e+000	
-7.34879e-001	7.40670e+000	-1.83795e+000	7.17317e+000	
-8.12658e+000	4.20066e+000	4.17275e+000	-1.55030e-001	
1.39979e+000	8.94982e-002	-1.67681e+000	-1.87318e+000	
-5.18944e+000	3.00553e+000	-1.44297e+000	-4.47899e-001	
-3.79034e+000	3.21487e+000	-4.52537e+000	-5.90791e+000	
5.82273e+000	-2.81705e+000	-4.71975e+000	-4.27883e+000	
-1.76151e+000	-8.51259e+000	5.53205e+000	4.02170e-001	
3.06267e+000	-6.73840e+000	6.96929e+000	4.45621e+000	
2.10063e+000	-8.35007e-002	2.34853e+000	2.67522e+000	
-2.50848e+000	5.41233e+000	3.51883e+000	-5.21653e+000	
3.15820e+000	-2.51483e-001	-2.20657e+000	-7.21616e+000	
-1.90575e+000	-4.95743e+000	-2.02019e+000	1.70264e+000	
-5.22662e+000	-1.78805e-002	-2.07303e+000	3.52788e+000	
5.48339e-001	7.62390e+000	-2.66459e+000	4.58002e+000	
-4.19063e+000	3.09244e+000	1.08552e+000	5.80813e+000	
-3.04744e+000	-2.34265e+000	3.52752e+000	2.82093e+000	
2.74502e+000	-3.72692e+000	-3.74908e+000	5.40532e-001	
-1.10070e+000	-2.37858e+000	-5.27158e+000	2.67709e+000	
-3.17621e+000	-2.18132e+000	-4.08266e+000	-1.22403e+000	
-6.20085e-001	-3.87714e+000	-1.56782e+000	-2.76188e+000	
-5.11630e+000	-2.90531e+000	4.14640e+000	2.64063e+000	
-5.34765e+000	3.68763e+000	4.44577e+000	3.46288e+000	
-2.23057e-001	7.15208e+000	6.96067e-001	1.00477e+000	
-6.69069e-001	9.36732e-001	9.93228e-001	-4.60888e+000	
6.40337e-001	-5.08027e+000	-2.66328e-001	-3.07637e+000	
-1.22798e+000	-5.70366e+000	-2.19250e+000	-5.82805e-001	
6.91628e-001	-6.85743e-001	4.50428e-002	1.19358e+000	
2.15518e+000	5.44637e-001	8.75550e-001	4.10353e+000	
-1.43205e+000	-1.87301e+000	5.76520e+000	5.06313e+000	
2.41068e+000	-5.19009e+000	2.98341e+000	-3.53513e+000	
2.00320e+000	-2.49585e-001	-4.53240e+000	-5.17517e+000	
-3.73769e+000	4.11552e+000	-7.46774e+000	-3.35310e+000	
-5.49119e-001	3.69631e+000	-3.27505e+000	3.74984e+000	
-2.30264e+000	1.37899e+000	1.60376e-001	8.71549e+000	
-2.20209e+000	1.76946e+000	2.52677e+000	2.22525e+000	
1.32993e-001	2.16386e+000	6.52196e-001	6.57475e+000	
-2.79763e+000	1.52176e+000	1.66150e+000	-2.48761e+000	
1.68544e-001	-2.25995e-001	1.60907e+000	-7.46248e+000	
2.36118e-001	-2.48705e+000	2.19760e+000	-1.17849e+000	
-8.81287e-001	-3.16548e+000	5.11500e+000	-1.85445e-001	
4.19609e+000	-2.87562e+000	3.17096e-001	-1.90057e-001	
-2.15569e-002	9.01888e-001	2.86746e-001	-1.39194e+000	
-1.21153e-001	5.16707e-001	3.95457e-001	-3.49823e+000	
3.97858e+000	3.07373e-001	-1.95769e+000	-4.45813e+000	
-1.55716e+000	1.53924e+000	-3.39163e+000	-5.45189e+000	
-3.97689e-001	4.12555e+000	-2.70832e+000	-2.21218e+000	
4.27576e-001	3.16999e+000	-7.03379e-001	-1.55798e+000	
1.94717e+000	-2.81582e-001	2.08572e+000	-2.66863e+000	
3.31329e+000	-2.07407e+000	2.56540e+000	-1.89380e+000	
4.36733e+000	-3.53710e-001	1.52713e+000	-4.48033e+000	
5.84119e+000	1.65666e+000	-2.33839e-002	-3.98942e+000	
3.70598e+000	8.40335e-001	1.95190e+000	-4.66582e+000	
4.76286e+000	-6.17954e-001	1.66233e+000	-4.24367e+000	
2.68111e+000	4.28717e-001	-7.10001e-001	-2.23063e+000	
5.11433e-001	3.25296e+000	1.04469e+000	-4.96532e+000	
1.28066e+000	1.41655e+000	-1.59410e-001	-3.39014e+000	
-6.00409e-001	1.91373e-003	6.28192e-001	-2.61242e+000	
1.00249e+000	-1.63493e+000	-1.85133e+000	-4.01393e+000	
1.91541e+000	-8.32575e-001	-2.78723e+000	-6.65106e-001	
6.31790e-001	2.90019e-001	-1.97439e+000	-2.90140e+000	
4.09622e+000	-9.43615e-001	-2.97996e+000	-2.06778e-001	
1.66208e+000	-2.42644e+000	-9.60946e-001	-2.00004e-001	
1.14144e+000	-2.58656e+000	-4.31116e-002	-9.65181e-001	
2.57283e+000	-1.36988e+000	-3.16682e-001	-7.68590e-001	
-1.12091e+000	3.48594e-002	1.55348e+000	-4.46764e+000	
1.60930e+000	1.10268e+000	1.08787e+000	-2.77529e+000	
7.64630e-001	4.63967e-001	1.80194e+000	-3.97055e+000	
1.61581e+000	3.82755e-001	3.01887e+000	-3.87874e+000	
4.30342e+000	1.67185e-001	-3.31306e-001	-2.64874e+000	
1.86209e+000	2.24670e-001	-6.54265e-001	5.20348e-001	
2.38544e+000	-3.43949e-001	-2.14932e+000	-1.96114e-001	
1.99303e+000	6.47134e-001	-1.91617e+000	-1.44181e+000	
-1.19839e+000	5.81514e-001	-2.20939e-001	-3.94849e+000	
-1.59216e+000	3.88992e-001	-1.07400e-001	-4.31126e+000	
-1.77860e+000	1.50345e+000	3.47310e-001	-5.66016e+000	
-2.04944e+000	1.78085e+000	-1.09283e+000	-3.96651e+000	
-3.03248e-001	2.12142e+000	-4.69264e-001	-8.66599e-001	
3.96097e-001	4.05126e-001	-9.45357e-001	2.42140e+000	
1.32177e+000	-9.50255e-002	-6.58266e-001	6.46996e+000	
1.18748e-001	-7.82137e-002	-6.90962e-001	1.86204e+000	
6.24463e-001	1.62466e+000	3.36687e-001	2.67694e+000	
-2.22855e+000	7.71460e-001	-5.88045e-001	3.26844e+000	
-4.13960e+000	6.48490e-001	-2.63430e-001	1.72425e+000	
-4.07936e+000	1.52704e+000	-1.49553e+000	1.62754e+000	
-5.00815e+000	3.30597e+000	1.22301e-001	3.41113e+000	
-5.63233e+000	1.73014e+000	1.16582e-002	4.34047e+000	
-3.83837e+000	1.21114e+000	1.10235e+000	2.55371e+000	
-3.88396e+000	1.23948e+000	2.50787e+000	-1.37263e+000	
-2.12746e+000	3.82487e-002	1.05986e+000	-6.53867e-001	
-1.12865e+000	-5.08268e-002	7.94018e-001	-1.64244e+000	
-1.36027e+000	2.61821e-002	-1.07124e-001	-2.56760e+000	
9.37500e-001	1.54467e+000	2.52533e-001	-6.06881e-001	
-8.28095e-001	1.75834e+000	5.54109e-001	1.30138e+000	
-4.14513e-001	2.63418e+000	2.09910e+000	1.21821e+000	
-8.22939e-001	2.63581e+000	1.39110e+000	-4.17065e-001	
-6.52512e-001	3.52860e+000	1.33481e+000	9.96978e-001	
-1.06026e+000	1.95290e+000	-4.54364e-001	6.25703e-001	
-1.21923e-002	1.32991e+000	2.48670e-001	-9.19064e-001	
-5.24421e-001	4.21804e-002	-5.29413e-001	-4.17065e-001	
-1.22499e+000	-2.68567e-001	6.14614e-002	2.42414e+000	
-2.18798e+000	-8.62539e-001	-1.67273e-001	2.45440e+000	
-1.98729e+000	-4.89832e-001	8.40865e-002	1.41394e+000	
-2.25216e+000	-1.17139e+000	-5.34576e-002	1.28783e+000	
-3.03278e+000	-2.19040e+000	-8.57753e-001	1.95975e+000	
-2.58921e+000	-1.24718e+000	-1.17009e+000	-7.87187e-001	
-2.85625e+000	3.96043e-002	-1.88264e+000	-1.42769e+000	
-2.33737e+000	6.67335e-001	-7.97879e-001	-8.90095e-001	
-2.18160e+000	-9.31820e-001	-4.04285e-001	-1.28011e+000	
-1.09662e+000	-5.89482e-001	1.77346e-001	-2.97152e-001	
-1.48999e+000	4.35766e-001	-8.82723e-001	-6.89469e-001	
-8.25684e-003	1.69652e+000	-1.03536e-001	3.98267e-001	
9.10498e-001	-1.01940e-001	-1.29472e-001	-3.80314e-001	
1.71989e+000	-9.99880e-001	8.40097e-001	1.43736e-001	
1.39464e+000	-9.27210e-001	-2.26595e-001	-8.39939e-001	
1.56208e+000	7.08416e-001	4.28154e-001	-2.86264e+000	
1.10698e+000	-3.74047e-002	7.33317e-001	-2.28425e+000	
9.30581e-001	-7.56787e-001	1.48436e+000	-2.58202e+000	
8.29492e-001	-3.21307e-001	7.18694e-001	-1.90346e+000	
1.38283e+000	7.39328e-001	-3.00954e-001	4.56927e-001	
1.39871e+000	1.53626e-001	-3.41927e-001	4.95575e+000	
1.69316e+000	-1.28826e+000	2.42132e-002	-2.02122e+000	
2.27310e+000	-1.34113e+000	2.64812e-001	-2.56876e+000	
1.91886e-001	-1.25924e+000	2.75849e-001	-4.56364e+000	
-1.07559e+000	-9.84289e-001	1.13657e+000	-5.46041e+000	
1.30142e+000	-1.04123e+000	9.76537e-001	-4.64882e+000	
1.19816e+000	-1.01276e+000	2.06848e+000	-1.34237e+000	
1.94690e+000	-1.90148e+000	2.23563e-001	1.85829e+000	
3.59906e+000	3.44657e-001	-2.95573e-001	-6.10633e-001	
1.44742e+000	9.35917e-001	-6.76751e-001	-1.59223e-001	
1.53901e+000	1.67726e-001	4.87614e-001	-5.41241e+000	
-3.40696e-001	-7.85666e-001	1.15257e+000	-6.79907e+000	
-1.16569e+000	7.66850e-001	2.36371e+000	-6.83770e+000	
-8.83048e-001	1.66167e+000	1.94073e+000	-1.58379e+000	
1.47158e+000	1.52203e+000	1.52934e+000	-2.00162e+000	
2.55723e+000	-5.03390e-001	9.76400e-001	-2.46643e+000	
3.85456e+000	-2.18023e+000	1.47512e+000	-5.88904e+000	
3.56635e+000	-2.40272e+000	4.56160e-001	-4.67707e+000	
2.03998e+000	-9.49038e-001	-6.32881e-001	-6.34449e+000	
8.49846e-001	-2.76432e-002	-1.84608e+000	-7.02103e+000	
2.98946e-001	-5.21964e-001	-2.27858e+000	-4.72189e+000	
-5.16685e-001	-2.85420e+000	-1.40517e+000	-9.13251e+000	
1.55231e+000	-3.60422e+000	-5.18853e+000	2.84643e+000	
-8.32386e+000	6.59838e+000	-1.45111e+000	1.34636e+001	
-2.76786e-001	1.05595e+001	-6.48194e-001	4.80974e+000	
5.87688e+000	-2.04072e+000	1.84747e+000	2.86444e+000	
-7.76889e+000	-1.48718e+001	3.75874e+000	-4.58454e+000	
5.64716e+000	-1.43369e+001	-4.62345e+000	-2.92793e+000	
1.12475e+000	-8.40168e-001	-4.79176e+000	1.21528e+001	
-5.49786e+000	4.68997e+000	4.93993e+000	-2.21867e+000	
3.90300e+000	-1.05639e+001	1.07867e+001	-7.55445e+000	
-8.09910e-001	-1.42583e+001	3.37273e+000	-2.84578e+000	

