
-3.17043e+000	1.24134e+000	-3.55791e+000	-3.42549e-001	
-7.43122e+000	1.18426e+000	-5.52499e-001	-3.66744e+000	
-4.92843e+000	2.64079e+000	4.59975e-001	-4.89992e-001	
-2.43743e+000	3.11491e+000	2.01793e+000	3.49271e+000	
1.10040e+000	5.31721e-001	2.04139e+000	3.17692e+000	
6.73221e+000	-2.15315e+000	-7.80958e-001	3.37582e+000	
6.22825e+000	-1.12478e+000	-3.41485e+000	1.44666e+000	
3.19450e+000	8.14810e-001	-4.35255e+000	2.16526e-001	
-9.10519e-001	2.27689e+000	-1.18427e-002	-2.92547e+000	
-3.04519e+000	1.57785e+000	2.79657e+000	-4.79755e+000	
-3.86476e+000	1.88399e+000	2.21701e+000	2.86316e+000	
-8.42637e+000	4.42040e+000	2.91425e+000	5.66184e+000	
1.90738e-001	3.11233e+000	2.67241e+000	1.62524e+000	
2.78974e+000	-3.31289e+000	1.20246e+000	4.35740e-002	
-1.18122e+000	-1.95032e+000	2.51251e+000	-1.16927e+000	
5.25020e+000	1.98486e+000	1.02463e+000	-9.05078e-001	
6.48362e+000	2.98526e-001	1.44085e+000	5.88783e+000	
-8.80534e-001	-1.76444e+000	3.34385e+000	3.63165e+000	
3.86537e-001	-1.68852e+000	4.73906e-001	-1.04459e+000	
-1.35368e+000	4.10650e-001	-4.84258e+000	2.58615e-001	
-8.71119e+000	3.55744e+000	-6.17429e+000	1.11128e+000	
-6.86147e+000	5.76521e+000	-1.91539e+000	-3.95858e-002	
-6.10283e+000	6.20042e+000	6.21106e-001	2.63846e+000	
-2.72388e+000	2.72621e+000	4.12979e+000	1.50778e+000	
2.19989e+000	-4.27103e+000	3.07662e+000	3.57948e+000	
4.44434e+000	-1.22023e+000	9.16474e-001	3.75214e+000	
5.22143e+000	2.23161e+000	-2.46984e+000	-3.36489e-001	
3.36832e+000	-2.30906e+000	-7.94206e-001	7.79497e-001	
-2.78182e+000	-4.01655e+000	3.08492e-001	3.26802e+000	
-2.24327e+000	4.01190e+000	8.39079e-001	4.14417e+000	
-6.53880e+000	7.89624e+000	-4.25583e-001	4.75773e+000	
-7.13203e+000	4.62540e+000	1.30800e+000	5.93717e-001	
-3.34086e+000	-7.99255e-001	1.11996e+000	1.09658e+000	
-2.67015e+000	4.61630e-001	5.34069e-002	3.45971e+000	
-6.51629e-001	4.70146e+000	-1.53297e+000	2.03313e+000	
1.74845e+000	2.40299e+000	-5.58575e-001	1.32157e+000	
5.27107e-001	-3.55924e+000	8.60875e-001	4.72977e+000	
-7.69273e-001	-6.70184e-001	3.98991e-001	5.36624e+000	
-1.33768e+000	5.46802e+000	5.73646e-001	9.64128e-001	
-3.34005e+000	2.36340e+000	-1.35018e+000	5.21367e-001	
-5.69291e+000	-2.31313e+000	2.98143e-001	-2.29109e-001	
-5.03292e+000	-1.21074e+000	3.87126e-001	-1.18194e+000	
-1.51570e+000	3.14081e+000	1.05884e+000	2.56943e+000	
-7.05228e-001	4.21771e-001	2.57514e+000	6.15102e+000	
3.29925e+000	-3.19250e+000	3.56044e+000	2.41377e+000	
2.63125e+000	-1.39675e+000	5.73506e-001	-1.52987e+000	
2.33761e+000	2.68621e+000	-5.27261e-001	-1.94452e+000	
2.53283e-001	-5.45857e-001	-3.58952e-001	1.18018e+000	
-1.69509e+000	-4.99760e-001	1.82147e+000	-1.06390e+000	
-1.55031e+000	4.94062e+000	-1.35197e+000	4.77637e-002	
-3.26013e+000	4.97750e+000	-2.55235e+000	5.97446e+000	
-3.48321e+000	-1.13820e+000	7.67750e-001	4.28831e+000	
5.09057e-001	-3.14925e+000	1.27419e+000	9.40063e-001	
-6.33315e-001	7.15711e-002	4.40222e-002	1.39142e-001	
-1.54244e+000	-4.71960e-002	-1.88008e+000	-9.50277e-004	
3.25333e-001	-2.85029e+000	-2.62383e-001	2.63958e-001	
-4.58683e-001	-2.65492e+000	1.09499e+000	6.00065e-001	
1.27557e+000	1.00951e+000	1.40592e-001	2.77395e+000	
-5.30599e-001	8.07902e-001	-6.72257e-001	1.49107e+000	
-4.18384e-001	1.68375e-001	4.60930e-001	-3.05085e+000	
8.96992e-001	3.98182e-001	-7.78347e-001	-2.75438e+000	
8.39188e-001	3.83539e-001	2.36058e-001	-1.68783e+000	
2.15239e+000	-9.37950e-001	9.68584e-002	-4.94732e-001	
2.94184e+000	1.31634e-001	-2.25412e-001	1.08809e+000	
1.66608e+000	1.00409e+000	-1.13097e+000	1.46686e+000	
9.83561e-001	6.58223e-001	-9.17134e-001	-5.41573e-001	
-9.67522e-001	-4.26952e-001	2.43507e-001	-2.81476e+000	
-1.05178e+000	-1.75020e+000	6.74074e-001	-2.01168e+000	
-9.15688e-001	-2.44084e+000	1.01111e+000	4.28844e-001	
3.43919e-001	-1.20070e+000	9.48196e-001	1.01112e+000	
2.05429e+000	4.94444e-001	-4.04482e-001	7.87868e-001	
2.05863e+000	-3.87362e-001	-2.29690e-001	-8.95838e-001	
2.49324e+000	-3.08105e+000	9.82409e-001	-2.91479e+000	
2.74088e+000	-2.35773e+000	1.05360e+000	-3.01207e+000	
1.35766e+000	1.89660e+000	-1.18547e-002	-2.96264e+000	
9.92243e-001	3.82115e+000	-1.28065e+000	-2.35726e-002	
1.07682e-001	1.08598e+000	2.01980e-001	-1.17184e+000	
2.54453e+000	-1.57314e+000	-5.14492e-002	4.67329e-001	
3.95651e-002	1.30317e+000	-8.86509e-001	9.21189e-001	
-6.51639e-001	5.16189e+000	1.10455e-002	-6.22930e+000	
4.19533e+000	-2.65851e-002	-4.51804e-001	-2.76604e+000	
-5.48756e-002	-4.97495e+000	2.70950e+000	2.50602e+000	
4.07837e+000	-4.12799e+000	2.43373e+000	-1.09127e+000	
6.91903e+000	-2.73518e+000	-1.44193e+000	1.50981e+000	
-4.64795e-001	-6.49028e-001	-4.35050e+000	8.72908e-001	
-1.17391e+000	-2.53385e+000	-4.13059e+000	-3.85666e+000	
-1.16482e+000	-2.20548e+000	8.96321e-001	-2.55288e+000	
-4.57904e+000	3.99483e+000	1.41601e+000	4.83182e+000	
-2.22618e+000	5.04095e+000	2.69805e+000	3.67058e+000	
1.34883e+000	-2.02692e+000	1.53562e+000	-4.35635e+000	
3.17576e+000	-3.57645e+000	-1.75330e+000	-9.45763e+000	
2.73273e+000	-3.87974e+000	-3.40121e+000	1.55204e+000	
1.54219e+000	-2.95143e+000	4.81557e+000	5.49900e+000	
7.60861e+000	-1.31770e+000	2.96955e+000	2.01128e-001	
2.90682e+000	-5.72728e+000	2.28156e+000	-1.20371e-002	
-2.75795e+000	-6.50062e+000	1.53051e+000	-6.57204e+000	
5.35819e+000	-1.82070e+000	-6.24618e+000	-9.66598e-001	
-3.59950e+000	-1.59876e+000	-1.49574e+000	4.57592e-002	
-4.87146e+000	-3.25806e-001	1.51672e+000	-3.41779e+000	
2.35728e+000	7.52319e-001	8.42975e-002	-2.49666e+000	
-1.75996e+000	-1.41961e-001	-2.06978e+000	3.61034e+000	
2.33747e+000	1.18048e+000	-5.26861e+000	-4.43844e-001	
3.48119e+000	3.19112e+000	-3.44205e+000	5.22537e-001	
7.61959e-002	1.42485e-001	3.64872e+000	-6.18476e+000	
4.84108e+000	-2.56869e+000	6.50752e-001	-1.62800e+000	
-3.07167e+000	4.12566e+000	-1.02499e-001	9.19805e+000	
-6.00148e+000	1.01591e+001	2.12952e+000	-6.77042e-001	
5.38926e+000	1.12706e+000	3.39414e-002	-2.85612e+000	
-6.79161e+000	-8.90809e+000	8.60569e+000	-5.40690e+000	
3.93437e-001	-3.80029e+000	5.34891e+000	-3.34846e+000	
8.80240e+000	2.26023e+000	-3.11633e+000	7.11771e+000	
-2.34942e-001	1.24407e+000	1.02972e+000	2.77959e+000	
6.67926e+000	-7.28033e+000	4.21200e+000	-5.49136e+000	
5.37800e+000	-7.89193e+000	2.48270e+000	6.43896e-001	
6.34386e-002	2.91670e+000	-6.65509e+000	1.68436e+000	
-1.38559e+000	3.64083e+000	-7.64301e+000	4.35765e+000	
-8.78285e+000	-1.65055e+000	3.60181e+000	-2.87572e+000	
-2.46365e+000	-5.30528e-001	2.14940e-001	-2.43137e+000	
-7.42541e+000	9.82263e-001	-5.24377e-001	7.69667e+000	
-9.08666e+000	-2.61424e+000	5.84142e+000	2.36591e-001	
8.12314e+000	-8.37567e+000	9.81573e-001	-1.80945e+000	
-6.57347e-001	-1.35209e+001	2.48669e+000	-3.49085e+000	
1.98684e+000	-1.03965e+001	5.01767e+000	-8.15095e+000	
1.29735e+001	-2.36315e+000	-2.27258e+000	5.29362e+000	
1.92551e+000	5.46317e-002	4.11170e+000	2.40933e+000	
7.02378e+000	-1.92414e+000	4.00837e+000	-4.39396e+000	
7.36856e+000	3.40113e+000	-4.23462e+000	-4.52196e-001	
-4.30415e+000	6.70045e+000	-1.14298e+001	3.68861e+000	
-3.07385e+000	5.17952e+000	-1.33855e+001	2.82672e+000	
-1.22705e+001	4.84437e+000	-3.77522e+000	-8.26641e-001	
-1.09886e+001	5.01655e+000	5.23964e-001	1.92779e-001	
-7.56545e+000	-1.68783e+000	5.33207e-001	7.11022e+000	
-7.70996e+000	-7.93685e-001	8.18960e+000	-2.25812e+000	
5.60215e+000	4.51790e+000	4.54903e+000	-4.67097e+000	
9.89646e+000	-3.45551e+000	5.79299e+000	8.04749e-001	
1.10786e+001	-1.10260e+001	5.76940e+000	-3.77363e+000	
1.54166e+001	-1.88971e+000	-4.49923e+000	1.92218e+000	
3.07873e+000	1.03832e+001	-6.63095e+000	7.19381e+000	
-2.41616e+000	1.04700e+001	-4.30898e+000	-1.03690e-001	
-5.90909e+000	2.98395e+000	-2.27771e-001	-2.86677e+000	
-1.56372e+001	4.07293e+000	8.35058e-001	5.21421e+000	
-1.12846e+001	8.97004e+000	-3.25761e+000	4.53349e+000	
-6.26649e+000	-8.31647e-001	1.77469e+000	-1.10048e+000	
-2.05251e+000	-1.41650e+001	5.18101e+000	2.48993e-001	
6.54750e+000	-1.20203e+001	3.19370e-001	8.25074e-001	
1.00388e+001	-8.48305e+000	1.89965e-001	-1.38135e-001	
9.47134e+000	-8.75638e+000	1.61893e+000	2.49538e+000	
6.17490e+000	-2.44612e+000	-3.66972e-001	1.12356e+000	
2.57071e+000	3.07534e+000	-2.67253e+000	-1.51499e+000	
-3.48133e+000	7.58917e+000	-1.49423e+000	-1.87502e+000	
-4.34744e+000	8.83162e+000	-3.31789e+000	-8.20581e-001	
-3.53153e+000	6.25290e+000	-2.20609e+000	1.33111e+000	
-4.40076e+000	3.37564e+000	-4.89793e+000	-1.50735e+000	
-6.56133e-001	-8.35201e-002	-4.26953e+000	1.19707e+000	
-1.69755e+000	-5.03324e+000	-3.62972e-001	6.14255e+000	
1.40486e+000	9.93763e-002	5.82178e-001	3.06915e+000	
4.02869e+000	1.29695e+000	-2.51443e+000	-8.21300e-001	
8.43255e-002	-7.44196e-001	1.20975e+000	-2.11154e+000	
6.83938e-001	1.85201e+000	-2.32032e+000	1.60539e+000	
-1.39659e+000	5.21423e+000	-4.41471e-001	6.75221e+000	
-4.14024e+000	2.48218e+000	5.14486e+000	2.92013e+000	
-1.93432e-001	3.35734e+000	1.47628e+000	3.38047e+000	
-5.95821e+000	4.83637e+000	4.19110e-001	-1.68823e+000	
-1.99295e+000	1.54533e+000	4.41727e+000	-3.07330e+000	
1.84246e+000	8.93193e-001	6.58142e+000	4.48853e+000	
-1.18912e+000	-1.91641e+000	7.75599e+000	3.43115e-001	
5.76443e+000	-7.19844e+000	6.46139e+000	-1.51773e+000	
6.60598e-001	-4.94606e+000	1.41337e+000	3.58989e+000	
-1.95916e+000	-9.40936e-002	-1.97846e+000	3.42559e+000	
-4.92223e-001	-3.38514e+000	-2.26362e+000	1.93804e+000	
-7.01510e+000	-3.33891e+000	2.28168e+000	1.01562e+000	
-6.50735e+000	-4.37108e-001	-3.92361e-001	5.83189e-002	
-4.55477e+000	2.98220e+000	3.01844e-001	2.75078e+000	
-5.53608e+000	3.38283e+000	3.74686e-001	1.72469e-001	
1.13049e+000	1.09019e+000	-2.01958e+000	5.09297e-001	
1.49482e+000	-3.88556e+000	6.88925e-003	-2.12929e-001	
2.51154e+000	-3.31085e-001	-3.48629e-001	-2.46079e-001	
3.59353e+000	5.33720e+000	-3.66528e+000	-3.45815e-001	
3.78361e-001	5.87857e+000	3.92343e-001	-3.86891e-001	
1.04175e+000	6.00195e+000	2.07557e+000	-1.15642e-001	
7.98998e-001	5.83736e+000	1.78655e+000	3.82034e-001	
2.23402e-001	5.58450e+000	7.35858e-001	2.85283e+000	
-1.32784e-001	5.91016e+000	-2.36447e+000	3.41363e+000	
-5.81510e-001	2.60176e+000	-1.58749e+000	1.54054e+000	
-2.04479e+000	-2.93379e+000	-4.79690e-001	2.08750e+000	
-2.66720e+000	2.73872e-002	1.31169e+000	3.29126e+000	
-3.00588e+000	5.78245e-001	-9.90135e-001	3.54190e+000	
-2.38442e+000	-2.00928e+000	-1.84972e-002	4.12000e+000	
-2.94590e+000	-2.49506e+000	5.97623e-001	1.03551e+000	
-4.23297e-001	-7.21144e-001	8.73263e-001	6.43052e-001	
-6.10006e-001	-1.44825e+000	2.42184e+000	6.03562e-001	
1.24555e+000	-1.50371e+000	2.80467e+000	2.82876e-001	
3.04059e+000	-1.38711e+000	1.52870e+000	-1.01803e+000	
2.05915e+000	1.92533e-002	8.16424e-001	-1.08706e+000	
2.03744e+000	4.39549e-001	-7.10082e-001	-3.43072e-001	
6.25041e-001	-1.30779e+000	-6.67177e-001	7.43944e-001	
-1.59064e+000	4.82121e-001	-1.64320e-001	8.33592e-001	
-2.67412e+000	2.81937e+000	-2.88513e+000	2.14417e-001	
-2.47235e+000	2.21265e+000	-2.42545e+000	9.32176e-001	
-3.13058e+000	-3.13728e-001	-1.96826e+000	2.08131e+000	
-1.06728e+000	1.18293e+000	-1.15996e+000	1.35130e+000	
-1.09415e+000	1.72118e+000	-1.00904e+000	-6.84654e-001	
2.66818e-001	1.52567e+000	1.43213e+000	-1.30066e+000	
9.24235e-001	-1.57812e-001	9.51069e-001	-6.84077e-001	
8.31152e-001	4.72631e-001	1.93650e+000	2.78989e-001	
1.17702e+000	1.16652e+000	2.49523e+000	1.68298e-001	
1.23130e+000	7.07749e-002	1.05826e+000	1.60828e+000	
-6.44746e-001	-9.31697e-001	8.81399e-001	-1.40235e-002	
-4.14210e-001	1.43717e-001	4.63386e-001	-6.48908e-001	
-7.86135e-001	1.43741e+000	5.77615e-001	-3.74776e-001	
-1.79390e+000	-7.54359e-001	7.87449e-001	1.88746e+000	
-5.14214e-001	-2.55159e+000	3.19675e+000	-8.96232e-001	
8.93838e-001	-3.60260e+000	9.71485e-001	-2.85248e+000	
4.38192e-001	3.67423e-001	-2.47788e-001	5.15600e+000	
-3.33235e+000	3.32901e+000	1.40371e+000	5.07183e+000	
2.57815e+000	-1.30695e-001	1.68776e+000	2.38780e-001	
-9.51679e-001	-4.29067e+000	2.08605e+000	-4.10626e+000	
-3.46832e+000	-1.97348e+000	2.77831e-001	-9.12668e+000	
2.00595e+000	1.84225e+000	-4.10427e+000	-3.41977e+000	
-1.39064e+000	2.50428e+000	1.16987e+000	3.87254e+000	
1.66442e+000	-1.21207e+000	8.95994e+000	2.49079e+000	
8.33438e+000	-4.31005e+000	4.12134e+000	-1.54798e+000	
5.88206e+000	-1.03541e+000	-2.56286e+000	-3.82477e+000	
5.11949e+000	-3.16224e+000	-6.88716e+000	-7.79868e+000	
4.79573e+000	-5.21884e+000	-4.46475e+000	-6.19972e+000	
-6.20462e-001	1.02498e+000	-2.02745e+000	4.39717e+000	
-4.82291e+000	1.02111e+001	2.67168e+000	9.94755e+000	
-4.49086e-001	2.25224e+000	3.25287e-001	4.28461e+000	
-5.99566e-001	-5.50627e+000	-9.22819e-001	-3.57658e+000	
-4.34108e+000	-4.76302e+000	-3.26066e+000	-7.88803e+000	
1.35952e+000	-4.83908e+000	-1.77885e+000	-3.23183e+000	
2.99119e+000	-5.71682e+000	1.93719e+000	3.90166e+000	
2.54301e+000	-4.17393e+000	8.64319e+000	1.17865e+000	
8.46017e+000	-1.30291e+000	9.39613e-001	6.05880e-001	
6.13105e+000	5.62843e+000	-6.88550e+000	-2.69725e+000	
3.15551e+000	1.14863e+000	-5.73080e+000	-5.94749e+000	
-9.47612e-001	-3.10706e+000	-1.70808e+000	-1.80452e+000	
-5.96786e+000	7.54837e+000	1.52842e+000	-2.03568e-002	
-9.07313e-001	6.14662e+000	3.01436e+000	-4.26883e+000	
1.34297e+000	-5.21762e+000	-9.98147e-001	1.04230e+000	
-7.83846e-002	-1.36785e+000	-3.06296e+000	2.79159e+000	
6.21029e+000	2.19842e+000	-1.28620e+000	2.13652e+000	
5.57608e+000	-7.10461e+000	4.50914e+000	-2.52516e+000	
2.65821e+000	-9.59330e+000	3.58316e+000	-8.15006e+000	
2.92199e+000	-5.93334e+000	-3.28384e+000	-9.05475e+000	
6.29508e-001	1.68810e+000	-6.48170e+000	-1.37703e+000	
-4.88305e-001	6.99507e+000	-1.48210e+000	6.28339e+000	
-7.05408e-001	1.76904e+000	3.85356e+000	6.77155e+000	
1.71828e+000	-8.43701e-001	1.41377e+000	-3.20429e-001	
-3.30662e-002	1.06485e+000	-5.17828e+000	-4.05133e+000	
-1.76772e+000	-3.66605e+000	-6.11115e+000	-9.94863e+000	
1.70933e+000	-7.38173e+000	-3.86381e+000	-9.52619e+000	
1.63999e+000	-1.46642e+000	4.57991e+000	9.59113e+000	
-3.27944e+000	6.22498e+000	9.10120e+000	1.77482e+001	
8.36504e+000	5.23675e+000	2.64905e+000	6.12931e+000	
3.69162e+000	-7.61967e+000	1.93498e+000	-1.20298e+001	
-3.96454e+000	-1.49252e+001	6.75695e-001	-2.10494e+001	
1.71570e+000	-5.61785e+000	-5.23719e+000	-1.26806e+001	
2.11988e-001	1.87019e+000	2.49881e+000	7.25222e+000	
-1.51276e+000	5.27682e-001	1.57689e+001	1.31391e+001	
1.16046e+001	1.84077e+000	6.97141e+000	2.69431e+000	
1.35780e+001	1.35588e-001	-5.10613e+000	-9.69756e+000	
3.17898e+000	-8.30421e+000	-1.19952e+001	-1.14112e+001	
-7.96460e-001	-5.08027e+000	-9.27135e+000	-7.39785e+000	
-4.19454e+000	3.38935e+000	-2.57653e+000	1.42944e+000	
-7.93863e+000	5.49259e+000	6.03840e+000	1.13233e+001	
-8.27391e+000	4.07091e+000	4.16381e-002	1.05800e+001	
-3.56147e-001	5.56553e+000	-4.08317e+000	1.41402e+000	
1.32844e+000	-9.64771e-001	1.28519e+000	-8.20568e+000	
2.95441e+000	-1.02456e+001	4.41987e+000	-7.42220e+000	
4.93467e+000	-1.03432e+001	-3.01326e-001	-5.61599e+000	
6.19509e+000	-3.21972e+000	-1.74023e+000	2.61071e+000	
3.31100e+000	1.41681e+000	-3.99198e+000	9.00511e+000	
1.33332e+000	3.03603e+000	-4.47939e+000	7.12827e+000	
-4.98895e-001	1.66275e+000	-3.15195e+000	7.38921e-001	
-7.49126e+000	-3.17787e-001	-1.78658e+000	-1.30064e+000	
-1.05602e+001	6.57840e-001	-5.76830e-001	-1.09482e+000	
-7.50361e+000	1.55564e+000	1.94173e+000	-1.95844e+000	
-1.09335e+000	-1.47428e+000	4.41366e+000	-9.03420e-001	
3.29770e+000	-3.39421e+000	4.85416e+000	5.43232e+000	
7.07788e+000	-1.77865e+000	1.50537e+000	4.67766e+000	
8.25418e+000	-2.87417e-001	-2.07409e+000	-1.15002e+000	
1.03467e+000	1.54832e+000	3.10223e+000	-4.98211e+000	
-3.32450e+000	4.21123e+000	6.11041e+000	-6.57746e+000	
-1.87126e+000	5.78368e+000	3.04139e+000	-5.91381e-001	
-3.85980e+000	4.44321e+000	4.43146e+000	2.09777e+000	
9.47148e-001	9.17204e-001	1.31982e+000	1.66942e+000	
3.19824e+000	-8.50611e-001	-3.49244e+000	3.57955e+000	
-1.08382e-001	4.42677e-001	-1.87376e-001	8.89106e-001	
2.56864e+000	2.02136e+000	-4.24940e-001	1.42152e+000	
-1.04584e-001	2.07152e+000	6.13745e-001	2.55148e+000	
7.22852e-001	7.66576e-001	1.28574e+000	-2.04044e+000	
2.30174e+000	9.01071e-001	-6.62933e+000	3.88871e+000	
-1.00947e+001	5.35227e+000	-9.02359e+000	1.05496e+001	
-9.30828e+000	7.77452e+000	-2.98392e+000	6.50593e+000	
-6.78880e+000	6.53775e-001	4.64998e+000	-6.90538e-001	
-9.28576e+000	-6.24883e+000	5.83063e+000	-9.00821e-001	
-2.16544e+000	-4.66147e+000	6.07122e-001	-1.45283e+000	
7.91821e+000	-4.13989e+000	-2.03312e+000	2.96946e+000	
5.90145e+000	-9.40022e+000	1.19744e+000	7.52737e+000	
4.76790e+000	-8.38826e+000	1.51392e+000	2.23613e+000	
5.66969e+000	-2.20518e+000	-3.62557e+000	-1.14123e+000	
-5.97344e+000	3.38081e+000	-3.21942e+000	2.16825e+000	
-9.46867e+000	7.14937e+000	-3.64517e-001	-4.77441e+000	
-4.90081e+000	9.75384e+000	2.02076e-001	-5.14280e+000	
-6.95190e+000	8.78445e+000	6.01728e+000	-1.47445e+000	
1.17510e+000	4.34085e+000	5.35826e+000	8.54088e-001	
8.29488e+000	3.10030e+000	-8.33299e-001	5.95681e+000	
5.61202e+000	4.53635e+000	7.21211e-001	4.19685e-001	
1.09861e+001	-9.86188e-001	1.21317e+000	-1.09626e+000	
4.92624e+000	-4.97641e+000	1.85205e+000	1.06394e+000	
-7.51557e-001	3.67204e+000	2.75319e+000	-7.85653e-002	
-2.85463e-001	9.99422e+000	-1.04796e+000	8.59710e-001	
-8.06415e+000	4.07620e+000	2.72512e-003	5.02891e+000	
-8.61342e+000	-4.35736e-001	2.80038e+000	2.61577e+000	
-3.26969e+000	1.05279e+000	2.35184e-001	2.95707e+000	
-4.99254e+000	-9.16635e-001	-6.66786e-001	3.78235e+000	
-2.11106e-001	-4.85304e+000	8.54615e-001	-7.50634e-001	
6.33036e+000	-1.05330e+001	-5.04961e-001	-2.24265e+000	
3.40068e+000	-1.02316e+001	-1.83336e+000	4.23246e+000	
1.53319e+000	-3.71878e+000	-2.87867e+000	5.14926e+000	
2.18002e+000	-2.31581e+000	-5.41020e+000	4.80609e+000	
-5.58564e+000	-2.62127e+000	-4.86692e+000	7.34044e+000	
-9.65145e+000	3.44711e+000	-2.41540e+000	7.23944e-001	
-5.73409e+000	5.05630e+000	-3.54501e+000	-2.14003e+000	
-8.23593e+000	2.12034e+000	5.10132e-001	-2.41070e+000	
-3.35490e+000	2.00415e+000	3.06511e+000	-2.69636e+000	
4.03015e+000	1.80240e+000	-9.49464e-001	2.72272e+000	
3.79377e+000	1.61124e+000	1.05231e+000	3.99393e+000	
7.50082e+000	3.83163e-001	6.33466e-001	1.27855e+000	
5.64607e+000	-1.87761e-001	-1.71499e+000	2.58219e+000	
-1.16745e+000	3.06098e+000	-1.46610e-002	7.37494e-001	
-1.53585e+000	7.08429e+000	-5.49449e-002	-7.33713e-002	
-6.21891e+000	5.65976e+000	-1.55096e+000	8.77299e-001	
-7.95492e+000	5.47280e+000	-3.81354e-001	5.09484e-001	
-3.91137e+000	5.55727e+000	1.64822e-001	1.26760e+000	
-2.10832e+000	2.39068e+000	1.90627e+000	4.67623e+000	
7.44417e-001	-4.02517e-001	3.33868e+000	4.97746e+000	
4.10396e+000	-3.07885e+000	3.67392e+000	9.42014e-001	
3.04178e+000	-5.89238e+000	1.98062e+000	9.26304e-001	
-8.61200e-001	-4.66797e+000	1.20889e+000	1.27610e+000	
-2.22841e+000	-3.54754e+000	1.77534e+000	4.83110e-001	
-3.88762e+000	-3.96933e+000	1.99704e+000	3.57365e+000	
-6.01239e+000	-2.63198e+000	3.26018e+000	3.44797e+000	
-3.57405e+000	-2.32530e+000	1.89426e+000	1.92094e+000	
-2.39070e+000	-2.16938e+000	1.32262e-001	8.55107e-001	
-9.81016e-001	-1.61974e+000	-5.61391e-001	-2.53003e+000	
1.70863e+000	-2.40624e+000	-1.57869e+000	-2.50914e+000	
1.07984e+000	-1.66733e+000	-4.81376e-001	-2.19162e+000	
2.57202e+000	1.03774e+000	-2.82717e-001	-1.83490e+000	
2.61422e+000	1.67849e+000	-1.65843e+000	2.52940e-001	
6.43596e-001	2.25212e+000	-2.67128e-001	-7.04793e-001	
1.84662e+000	3.57998e+000	-8.33170e-001	-2.55655e+000	
1.75327e+000	3.61822e+000	-1.89917e+000	-2.50683e+000	
-6.14482e-002	3.35479e+000	-4.93518e-001	-1.85119e+000	
1.65842e+000	3.21975e+000	1.61921e-001	-1.59810e+000	
2.77555e+000	1.19203e+000	3.96173e-001	-2.01063e-001	
1.86032e+000	-3.83494e-002	7.58451e-001	1.90797e+000	
1.98122e+000	3.06605e-002	1.00139e+000	-1.64537e+000	
3.06145e+000	-1.65594e+000	8.86644e-002	-1.80809e+000	
-1.60763e+000	-4.21767e-001	1.20902e+000	3.04990e+000	
-2.29382e+000	3.48779e+000	3.56617e+000	3.05883e+000	
1.69139e+000	-1.26068e-001	3.30074e+000	-2.48492e+000	
1.19015e+000	-7.30566e+000	1.10293e+000	-3.44222e+000	
-1.43110e+000	-7.14337e+000	-3.60640e+000	-3.70165e+000	
2.80228e+000	-2.36109e+000	-6.08027e+000	-7.18049e-001	
1.23981e+000	-4.25581e+000	1.41568e+000	6.46084e+000	
-1.46204e+000	-5.33922e+000	8.60564e+000	1.46261e+000	
6.39887e+000	-3.23408e+000	-1.23793e-001	-4.76892e+000	
2.25939e+000	1.53139e+000	-3.49576e+000	-5.26140e+000	
-1.06528e+000	2.22962e+000	-3.62158e+000	-7.15684e+000	
4.17682e+000	6.12974e-001	-2.64360e+000	-4.64165e+000	
-1.23829e+000	2.66727e+000	2.53852e+000	3.54210e+000	
-5.66761e-001	5.95533e+000	3.89727e+000	7.83194e-001	
4.89489e+000	2.26270e+000	-9.15259e-001	-1.73574e+000	
7.36267e-001	-3.01499e+000	1.63448e+000	-7.76650e+000	
6.08828e+000	-4.17852e+000	7.62172e-001	-9.99097e+000	
6.84475e+000	-5.38613e+000	-1.94056e+000	-2.24839e-001	
2.42113e+000	-1.80792e+000	4.39999e+000	2.32969e+000	
7.68168e+000	1.36232e+000	3.82097e-001	3.76680e+000	
3.58643e+000	2.29687e+000	-3.66325e+000	1.32180e+000	
-1.03449e+000	-6.99701e-001	-8.42956e+000	-2.73426e+000	
-1.52636e+000	1.24301e+000	-1.01187e+001	-3.26104e+000	
-1.01204e+001	2.54647e+000	-8.34651e+000	1.52416e+000	
-9.82040e+000	5.08071e+000	-1.17807e+000	3.22473e+000	
-6.23561e+000	2.88108e+000	2.72987e+000	1.16096e+000	
2.38826e-001	-2.89066e+000	6.08845e+000	6.06247e+000	
3.43988e+000	-5.37555e+000	4.65741e+000	4.15883e+000	
7.68290e+000	-4.82388e+000	3.47774e+000	-8.00921e+000	
1.30957e+001	-1.29836e+001	3.24224e+000	-9.72318e+000	
4.80736e+000	-1.65002e+001	3.20927e+000	4.39164e-001	
-2.49557e-002	1.65327e+000	9.52965e-001	-2.07314e+000	
2.40579e+000	1.11618e+001	-4.13713e+000	-4.92630e+000	
-5.97974e-001	1.00873e+000	1.43513e+000	4.98281e+000	
-6.63780e+000	-3.06461e+000	2.62060e+000	1.88376e+000	
2.32750e+000	4.82596e+000	-7.91180e+000	-5.75273e+000	
-1.01943e+000	2.75350e+000	-6.02509e+000	-2.72978e+000	
-4.08235e+000	-5.10941e+000	2.43381e+000	4.37127e+000	
4.00923e+000	-3.98844e+000	7.30852e-001	1.73214e+000	
4.92555e+000	3.96856e+000	-9.00226e-001	3.21990e-001	
-4.57181e-002	3.22179e+000	-1.59429e+000	3.33211e+000	
-3.56158e+000	-4.08069e-001	-1.82579e+000	5.61798e+000	
-3.48464e+000	-5.39851e-001	4.42454e+000	-5.36920e+000	
-3.35017e+000	4.07033e-001	6.04058e+000	-7.40141e+000	
-6.37524e+000	-1.31216e-001	1.85314e+000	-2.62068e+000	
2.14879e+000	-9.44826e-001	-9.75828e-001	-2.75745e+000	
1.32577e+001	-3.05322e+000	-3.63344e-002	7.32648e+000	
4.59012e+000	-3.84039e+000	3.39661e+000	4.87054e+000	
1.25662e+001	-4.92638e+000	-6.36392e+000	-3.20987e+000	
4.95282e+000	-4.75866e+000	-1.24807e+001	-9.70406e-001	
-1.14000e+001	-2.31272e-001	-5.14009e+000	1.90596e+000	
-6.03289e+000	3.79963e+000	-1.70011e+000	-1.59578e+000	
-8.94670e+000	3.52589e+000	1.34821e+000	8.57718e-001	
-1.03480e+001	-5.98013e-001	4.73605e+000	1.85811e+000	
-3.19752e+000	1.26023e+000	1.15797e+000	8.77252e+000	
2.58495e-001	2.20413e+000	4.87276e+000	1.86042e+000	
9.20208e+000	-7.34782e+000	7.59812e+000	-8.13459e+000	
5.16911e+000	-1.43526e+001	4.05950e+000	-7.33900e+000	
3.60257e+000	-6.32935e+000	-1.69859e+000	-1.10922e+001	
1.04423e+001	1.96565e+000	-8.53041e+000	5.91028e+000	
-4.94887e+000	5.22009e+000	3.20112e+000	1.10888e+001	
-1.98486e+000	4.53718e+000	9.09317e+000	-8.69802e-001	
5.61593e+000	5.21358e+000	-4.99855e+000	-1.86097e+000	
-1.04264e+001	6.19030e+000	-9.93827e+000	3.21996e-001	
-4.31045e+000	3.14302e+000	-6.19837e+000	-3.20814e+000	
6.97720e-001	1.00046e+000	9.88609e-002	-4.86460e+000	
-1.85243e+000	-3.32979e+000	4.14641e+000	1.91606e+000	
-6.10193e-001	-8.85168e-001	3.90540e+000	1.47276e+001	
-9.38834e-001	7.06234e+000	4.01425e+000	7.45880e+000	
8.80925e+000	3.17936e+000	3.06634e+000	-7.21317e+000	
-2.84539e-001	-7.30809e+000	4.94105e+000	-6.28758e+000	
-4.79989e+000	-7.70913e+000	6.83466e+000	-1.06527e+001	
7.85277e+000	-7.31150e-001	-1.52187e+000	3.55580e-001	
-8.00296e-001	3.17366e+000	-1.03088e+000	9.69452e+000	
-2.85518e+000	-1.37217e+000	4.59243e+000	3.36801e+000	
9.75311e+000	-3.49086e+000	-1.83931e+000	-2.26784e+000	
-1.20357e+000	5.41533e+000	-8.34610e+000	7.88398e-001	
-5.76030e+000	8.87761e+000	-8.57925e+000	-1.60053e+000	
-2.83904e+000	3.98890e+000	-5.12709e-001	-2.83066e+000	
-5.96858e+000	-1.35279e-001	6.83245e+000	-1.67144e+000	
-1.36382e+000	-6.05603e-001	5.10591e+000	3.52813e+000	
1.45405e+000	1.67796e+000	-2.67283e-001	7.16795e+000	
3.43919e+000	3.49823e-001	-1.19146e+000	1.86965e+000	
7.51735e+000	-6.31714e+000	1.78153e+000	-1.64204e+000	
1.51443e+000	-6.30304e+000	2.10932e+000	-2.56705e+000	
-1.62692e-001	2.99673e+000	-2.99014e-001	-2.89509e+000	
-2.86442e-001	9.14375e+000	4.59479e-001	-1.81239e+000	
-3.68818e+000	7.65604e+000	6.15647e-001	3.92780e+000	
-1.80508e+000	2.95403e+000	2.11856e+000	2.56810e+000	
1.63737e+000	2.13770e+000	-2.19966e+000	1.41752e+000	
-5.69763e-001	1.94017e+000	-8.57912e+000	4.91436e+000	
-4.61739e+000	5.92782e-001	-4.72981e+000	4.85469e+000	
-8.47113e-001	-1.51751e+000	2.43436e-001	-1.18165e-001	
-7.78183e-001	-2.06226e+000	1.05008e+000	2.76325e+000	
-5.14359e+000	2.77561e-001	4.43736e+000	5.55458e+000	
-2.21242e+000	1.56421e+000	3.84552e+000	4.59180e+000	
4.17107e-001	-1.23618e+000	4.38066e+000	5.08795e-001	
-2.11622e+000	-4.49997e+000	2.76296e+000	-2.41427e+000	
-1.66519e+000	-2.07053e+000	-2.51517e+000	-5.15957e-001	
-1.59178e+000	6.36846e-001	-2.94753e+000	-6.55041e-001	
1.70440e+000	9.88682e-002	-6.54258e-001	6.66624e+000	
-3.85644e+000	-5.12086e-003	2.91872e+000	6.71914e+000	
-4.70885e-002	3.37432e+000	3.58188e+000	-1.84194e+000	
3.73662e+000	5.83603e+000	-1.72881e+000	-1.27580e+000	
-4.78510e+000	5.06296e+000	-1.15449e+000	1.84011e+000	
-1.88071e-001	4.76943e+000	6.50685e-001	-1.88618e+000	
8.54569e-001	7.26259e+000	-2.49586e+000	2.01061e+000	
-5.75013e+000	3.73673e+000	-1.30363e+000	3.29292e+000	
-2.89861e+000	-1.40036e+000	-3.08399e-001	6.91602e+000	
-3.74436e+000	4.07989e-001	2.15415e+000	3.38200e+000	
-2.79589e+000	-6.74862e-002	2.31915e+000	-1.33864e+000	
2.98918e-001	-5.48577e+000	2.85650e+000	3.83695e-001	
-1.23913e+000	-6.11513e+000	2.62969e+000	-3.88553e+000	
5.13110e+000	-9.63528e-001	5.15485e-001	3.51157e+000	
8.25937e-001	6.22476e-001	-5.63071e-001	1.10411e+001	
-8.56888e-001	3.30168e-001	-5.48310e-001	-3.32910e-001	
9.21733e-001	-8.11950e-001	-1.33481e+000	-2.09661e+000	
-7.72781e+000	-8.02188e-001	1.86513e+000	4.24677e+000	
-6.95085e+000	4.08408e+000	-1.81366e+000	1.27585e+000	
-1.90428e+000	7.77061e+000	-1.25590e+000	-5.78831e+000	
-1.76370e+000	-8.42048e-001	1.83974e+000	-6.92220e-001	
3.02560e+000	-3.93406e+000	1.83850e+000	6.48350e+000	
4.17679e+000	2.46676e+000	-3.56135e-001	3.33541e-001	
6.32001e+000	1.38904e+000	-2.87208e+000	-4.73865e-001	
2.36981e+000	-5.67083e+000	-6.42950e-001	5.94270e-001	
-2.71313e+000	-3.44598e+000	-6.98686e-001	4.17569e-001	
-2.66373e+000	6.30338e+000	-2.64058e+000	-7.76102e-001	
-5.61811e+000	6.61805e+000	-4.68848e-001	1.17770e+000	
-4.03108e+000	-1.46798e-001	1.86306e+000	2.48970e+000	
-2.63280e+000	-1.07741e+000	1.19589e+000	1.52433e+000	
1.38945e+000	3.39073e+000	1.26818e+000	-2.19504e+000	
4.38372e+000	-5.67731e-002	8.47768e-002	-3.41265e-001	
4.10447e+000	-4.95348e+000	1.98142e+000	-8.71081e-001	
5.70547e+000	-1.58299e+000	6.60142e-002	-2.10439e+000	
4.72226e+000	3.94267e+000	-1.74124e+000	-3.25554e-001	
1.65123e-001	2.49645e+000	-1.39634e+000	4.09500e-001	
-8.42432e-003	-9.71751e-002	-2.94609e-001	-2.17602e-001	
-1.59437e+000	9.90305e-001	5.17826e-001	-2.40979e+000	
-1.54796e+000	1.63810e+000	-4.40707e-001	-2.39783e+000	
-6.71269e-001	-2.31240e+000	1.11953e-001	-1.07574e+000	
6.20904e-001	-5.68113e+000	2.08999e+000	-1.66393e+000	
3.09561e+000	-4.04700e+000	6.05153e-001	-7.73503e-001	
2.63766e+000	-2.05846e+000	3.24160e-003	1.13605e+000	
1.42921e+000	-3.61111e+000	8.13745e-001	1.03905e+000	
2.00955e+000	-2.91071e+000	6.65578e-001	4.12529e-001	
-1.03723e+000	9.32142e-001	-1.54859e-001	8.63219e-001	
-1.53046e+000	3.56387e+000	-8.88934e-001	-1.54358e+000	
-4.07490e-001	1.42660e+000	-1.46339e+000	-9.13121e+000	
7.97434e-001	-2.31804e-001	-3.04315e+000	-8.06507e-001	
-6.17132e+000	7.10438e+000	1.43028e+000	8.45244e+000	
3.84516e+000	8.59019e+000	3.58380e+000	2.71282e+000	
5.92461e+000	-4.44546e+000	1.85243e+000	-1.29669e+000	
-4.52907e+000	-7.47484e+000	-2.29220e-001	-1.08422e+001	
5.24494e+000	-3.72025e+000	-6.63944e+000	-6.24158e+000	
2.19341e+000	-3.67266e+000	-3.79337e+000	1.11012e+001	
-5.05649e+000	-2.69094e+000	9.06280e+000	4.47868e+000	
5.12607e+000	-4.95063e+000	7.88657e+000	-1.93344e+000	
4.27109e+000	1.61899e+000	-1.42987e+000	-3.00345e+000	
-2.40051e-001	3.85645e+000	-8.49318e+000	-2.01718e+000	
1.84333e+000	1.41765e+000	7.60352e-001	-6.44927e+000	
1.28714e+000	1.98044e+000	1.77683e+000	-8.22349e+000	
1.49840e+000	5.24437e+000	-2.65783e+000	9.57607e+000	
-1.20407e+001	4.05100e+000	2.76488e+000	1.37398e+001	
5.66761e+000	1.68800e+000	3.71183e+000	-4.24079e+000	
1.43653e+000	-5.18491e+000	-2.71812e+000	-3.23449e+000	
-9.19910e+000	-1.30033e+001	6.18251e+000	-1.47152e+001	
1.08404e+001	-1.32008e+001	5.80453e-001	-1.90173e+000	
5.91117e+000	-9.82232e-001	1.24307e+000	8.50519e+000	
4.12885e-001	-1.29732e+000	6.63557e+000	2.39416e+000	
1.39848e+001	-6.15511e+000	-2.39034e+000	-1.95492e+000	
2.92789e+000	2.64960e-001	-1.05813e+001	-5.47698e+000	
-4.66544e+000	3.03010e+000	-1.22136e+001	-3.27052e+000	
-8.73749e+000	7.96748e+000	-7.58390e+000	2.72911e+000	
-1.12457e+001	7.84112e+000	1.80911e+000	-2.74791e+000	
-3.05738e+000	-3.47499e+000	4.55088e+000	6.25766e+000	
-5.16383e+000	-5.85359e+000	6.12940e+000	5.14456e+000	
8.91154e+000	3.69660e+000	-8.23823e-001	3.16547e-001	
8.20826e+000	-5.41702e+000	9.73770e-001	2.32088e-001	
6.48093e+000	-1.36236e+001	1.17873e+001	-1.23072e+001	
1.04774e+001	-4.92623e+000	-1.27412e-001	-5.12199e+000	
9.09236e-001	-2.01702e-001	-8.09752e-001	-6.20425e+000	
-1.72538e-002	1.27909e+000	-4.49282e+000	4.32865e+000	
-1.50943e+000	9.53531e+000	-4.68196e+000	4.12456e+000	
-6.75683e+000	4.43849e+000	1.87753e+000	5.73808e+000	
-8.53375e-001	-7.89979e-001	-1.87631e+000	-1.00367e+000	
-3.42307e+000	-2.69297e+000	-5.60366e+000	-2.61516e+000	
-2.23904e+000	-8.10528e+000	-2.51781e+000	-4.25534e+000	
2.57659e+000	-4.10014e+000	-1.60632e+000	-2.31682e+000	
6.51105e+000	-1.17706e+000	-3.36696e-001	5.50848e+000	
-3.84113e+000	-1.87203e+000	5.20108e+000	1.59919e+001	
1.38890e+000	4.42521e+000	2.39625e+000	-4.13892e-001	
4.46485e+000	3.90973e+000	-1.45498e+000	-5.33097e+000	
-1.51893e+001	-3.63226e+000	5.59617e-001	-9.32448e+000	
-1.91569e+000	-1.03944e+000	-8.41485e-001	-9.18496e+000	
1.59175e+000	1.78996e+000	1.78510e+000	1.30532e+001	
-1.43644e+000	-4.93653e+000	1.58781e+001	5.05360e-001	
1.50801e+001	-1.35534e+001	4.76554e+000	-1.05713e+000	
1.18659e+001	-2.05398e+000	-8.76690e+000	-5.06188e+000	
3.62913e+000	2.22367e+000	-1.07954e+001	-6.87949e+000	
5.83070e+000	-3.64527e+000	-3.34046e+000	-4.69407e+000	
-9.42558e+000	3.95570e+000	4.30476e+000	-1.73728e+000	
-3.21736e+000	1.00399e+001	-8.68564e+000	1.03539e+001	
-1.56204e+001	6.84367e+000	-6.86363e+000	1.57766e+001	
-1.27071e+001	1.25755e+001	4.93882e+000	-9.40865e+000	
5.11181e+000	5.94735e+000	3.28121e-001	3.83372e+000	
-1.00090e+001	-1.49871e+001	1.57434e+001	-9.37074e-001	
1.11533e+001	-1.22488e+001	9.58938e+000	-1.41139e+001	
2.11038e+001	-2.67073e+000	-6.05616e+000	-5.21407e-001	
4.57177e+000	-4.33456e+000	3.83028e-001	8.15468e+000	
1.16394e+001	-2.31714e+000	-3.15615e+000	9.05175e-001	
3.18977e+000	3.54055e+000	-3.26169e+000	-2.64283e+000	
-9.46574e+000	1.00139e+001	-7.43726e+000	2.46162e+000	
-1.30020e+001	1.28269e+001	-1.00756e+001	8.88889e-001	
-1.56817e+001	3.71708e+000	8.90298e-001	-6.87298e-001	
-6.74978e+000	-2.58911e+000	3.97200e+000	4.38921e-001	
5.65391e-001	-1.74147e+000	2.00169e+000	9.93323e+000	
2.60508e+000	-6.15077e+000	5.21928e+000	3.73874e+000	
1.09017e+001	-9.52561e+000	9.34996e-001	5.81465e-001	
9.69039e+000	-8.04345e+000	2.99167e+000	-6.48572e+000	
2.91147e+000	-5.95513e+000	7.19236e+000	-1.80890e+000	
3.47783e+000	3.85157e+000	3.97145e+000	-1.76264e+000	
-7.60164e-001	8.73676e+000	-1.51155e+000	-2.50014e+000	
-1.72600e+000	3.98390e+000	-3.74178e+000	-2.82789e+000	
-2.80894e+000	4.58004e+000	-8.72938e+000	1.88280e+000	
-4.57929e+000	7.76642e+000	-9.28356e+000	6.44734e+000	
-2.52983e+000	4.59251e+000	-2.66474e+000	1.60161e+000	
-3.60830e-001	2.16389e+000	1.55415e+000	3.28892e+000	
2.03225e-002	3.01979e-001	2.80639e+000	1.09701e+000	
4.23973e+000	1.50782e+000	1.28817e+000	1.17989e+000	
2.62557e+000	-2.30710e-001	-1.58412e+000	5.54424e+000	
-4.02011e+000	-4.33672e+000	2.38562e+000	2.76444e+000	
-5.56360e-001	-4.32818e+000	4.12270e-001	-1.72487e+000	
-6.40364e+000	3.03214e+000	-1.29386e+000	-5.68820e-001	
-8.33301e+000	3.54422e+000	3.17079e-001	-3.18071e+000	
5.61994e-001	2.94795e-001	3.99518e+000	5.54799e+000	
-5.08734e-001	1.27435e+000	5.57631e+000	3.49935e+000	
5.53055e+000	-2.49610e+000	2.16737e+000	-1.40793e+000	
5.67641e+000	-4.94628e+000	-1.27974e-001	1.96006e+000	
-5.78343e-001	6.35776e-001	-3.82166e+000	3.41352e-001	
1.95661e+000	1.65479e+000	-3.37330e+000	-1.06851e+000	
-5.37647e+000	-3.19649e-001	2.46122e+000	5.05853e+000	
-7.24532e+000	5.21740e+000	2.83550e+000	3.26182e+000	
-2.90583e+000	5.50876e+000	-1.10596e+000	-1.41333e-001	
-5.46087e+000	3.38017e+000	1.63347e+000	-4.36075e-001	
-3.95648e+000	5.41155e+000	4.83454e-001	-2.21029e+000	
3.05923e+000	3.50965e+000	9.83414e-001	-1.98632e+000	
2.96438e+000	-2.10889e+000	4.00000e+000	1.11057e+000	
4.80637e+000	1.53277e+000	1.25685e+000	6.07435e+000	
4.88792e+000	2.53388e+000	1.64575e+000	2.92817e+000	
2.87984e+000	1.32642e+000	2.87413e+000	-7.89044e-001	
1.04383e+000	6.89331e-001	-8.41634e-001	-3.38422e+000	
-3.50314e+000	-1.22518e+000	-1.62979e+000	1.36121e+000	
-4.06272e+000	3.51399e+000	-9.72556e-001	2.43756e+000	
-2.16646e+000	4.43999e+000	-2.68572e+000	3.16555e+000	
-4.54944e+000	-3.33059e+000	1.79117e-001	4.33602e+000	
-5.02354e+000	-3.02377e+000	5.46775e-001	9.95987e-001	
2.95088e-001	4.25886e+000	-1.92861e+000	8.50994e-001	
-3.09431e+000	-5.12576e-001	-2.80657e+000	4.46732e+000	
-1.37010e+000	-5.62797e+000	1.35328e+000	2.89848e+000	
1.58577e+000	-5.46799e+000	-1.11728e+000	8.58057e-001	
-6.95719e-001	-2.11485e+000	-2.61729e+000	1.86523e+000	
-2.12684e+000	1.07804e+000	-2.55701e+000	1.47507e+000	
-5.45783e-001	2.29866e+000	-4.58389e-001	-6.27981e-003	
-8.80936e-001	2.34923e+000	1.54324e+000	-1.91411e+000	
-9.90710e-001	5.87523e+000	7.88338e-001	1.16880e+000	
-2.25284e-001	5.22283e+000	2.49887e-001	-8.28387e-001	
2.67441e+000	1.44437e+000	-1.54882e-001	-3.44561e+000	
1.51711e+000	1.31327e+000	-1.73988e+000	-3.97259e-003	
-1.36318e+000	9.58322e-001	-1.11645e+000	3.85088e+000	
1.36486e+000	-5.23557e-001	1.52848e+000	3.04059e+000	
-7.37785e-001	-2.56307e+000	6.08577e-001	2.05375e+000	
-3.85404e+000	-7.87936e-001	1.72866e+000	-2.90210e-001	
-1.60145e+000	7.14145e-001	1.82909e+000	-1.39279e+000	
6.38922e-001	-4.80442e-001	4.00952e+000	-5.32490e-001	
-1.14404e+000	-2.49921e+000	3.38250e+000	7.35984e-001	
1.28630e+000	3.39540e-001	2.60014e+000	7.63368e-001	
1.67803e+000	8.66400e-001	-1.25110e-002	6.98328e-003	
-8.94611e-002	-7.05232e-001	4.04398e-001	-7.36863e-001	
-3.11314e-001	-4.48581e-001	2.80832e+000	-1.54283e+000	
6.18839e-001	1.70902e+000	2.69519e+000	-1.95374e+000	
1.29403e+000	1.78075e+000	1.26263e+000	-1.84939e+000	
5.70533e-001	-7.80342e-001	-6.70434e-001	9.11101e-001	
1.23989e+000	-1.63571e+000	-6.66847e-001	-2.84010e-001	
2.08157e+000	-2.58910e+000	-6.53327e-001	-1.78294e+000	
4.57231e-001	-2.60402e+000	1.38000e-001	-1.71996e+000	
-1.45694e+000	-2.40526e+000	-9.43729e-001	-7.88170e-001	
1.53203e+000	-4.96710e-001	-8.55160e-001	-1.17069e+000	
1.46501e-001	3.80351e-001	-7.87699e-001	9.07355e-001	
3.10414e-001	1.28073e+000	-1.33581e+000	-3.05488e+000	
1.96963e+000	1.52364e-002	-2.80409e+000	-2.90196e+000	
-5.33704e-002	-9.62288e-001	-2.95750e+000	8.09547e+000	
-1.63307e+000	2.33621e+000	-2.27406e+000	4.78643e+000	
4.33891e-001	4.27811e+000	-1.34712e+000	-2.43220e-001	
-7.10087e-003	-2.33964e+000	4.11933e+000	-3.18599e-001	
-3.85513e+000	-7.91627e+000	3.01401e+000	-9.29846e-001	
9.12061e-001	-2.21891e-001	-2.42388e+000	-1.15881e+001	
9.68915e-001	1.71431e+000	-5.70094e+000	-1.67355e+000	
-7.68593e-001	-4.94811e-001	3.06643e+000	1.28272e+001	
1.89310e+000	-1.13190e+000	5.71481e+000	6.78794e+000	
5.44695e+000	1.90548e+000	1.17158e+000	-4.64864e+000	
1.00500e-001	-5.67752e-001	-2.69138e+000	-8.33703e+000	
-4.97621e-001	-6.78581e+000	-2.53135e+000	-5.64760e+000	
7.89667e-001	-3.59347e+000	6.08433e-001	-3.13530e+000	
2.71061e-001	3.26181e+000	5.51808e+000	-1.35805e+000	
2.61659e+000	-5.25044e-001	4.32640e+000	4.51950e+000	
2.43993e+000	-3.35499e+000	2.13735e-001	1.12744e+000	
5.27448e+000	7.56178e-001	-1.15847e-001	-7.90263e+000	
3.80021e+000	6.48603e-002	1.42962e-001	-7.72290e+000	
8.21417e-001	-2.46708e+000	3.08147e+000	-7.04261e+000	
4.60051e+000	-2.82487e+000	1.27629e+000	-4.04157e+000	
4.33985e+000	1.37293e+000	-5.80904e-001	2.63272e+000	
2.22893e+000	3.67777e+000	-4.83084e+000	6.64655e+000	
3.95476e+000	1.44017e+000	-3.80788e+000	2.30714e+000	
-5.00473e-001	-4.74955e+000	-6.24086e-001	-4.13194e+000	
-1.49372e+000	-3.15257e+000	1.72807e-002	-3.79598e+000	
-3.53640e+000	-1.67521e-001	-1.86736e+000	-1.43170e+000	
-4.94368e-001	-7.64340e-001	1.96698e-003	-1.27143e+000	
2.18455e+000	-3.10674e+000	1.40072e+000	-1.63367e-001	
4.02301e+000	-2.31672e+000	-2.87487e+000	2.36450e+000	
5.59851e+000	9.86208e-002	-9.41932e+000	2.09037e+000	
1.18411e+000	1.91221e-001	-8.17108e+000	1.76925e+000	
-2.26580e+000	-1.98523e+000	-2.40347e+000	-1.14416e+000	
-2.86677e+000	-2.45284e+000	-2.50359e-001	-2.74528e+000	
-3.66272e+000	1.69276e+000	1.69719e+000	3.89223e-001	
-4.45732e+000	2.54270e+000	1.18151e+000	3.99315e+000	
1.24164e+000	-1.40088e+000	3.33324e+000	3.83475e+000	
2.46774e+000	-6.68982e+000	7.47391e+000	-3.94875e+000	
4.57649e+000	-6.47859e+000	6.09695e+000	-1.18342e+001	
5.28520e+000	-3.96414e+000	-1.76059e+000	-9.23062e+000	
3.82368e+000	-1.43979e+000	-9.41530e-001	-1.66677e+000	
4.24446e+000	-1.01357e-001	3.88245e+000	3.59622e+000	
4.33035e+000	3.89795e+000	5.08047e+000	4.19248e+000	
3.42842e+000	4.05902e+000	-8.80140e-001	-1.09097e+000	
6.53157e-001	5.64879e-001	-6.08405e+000	-4.56461e+000	
-4.59437e+000	-1.32133e-001	-4.45670e+000	-4.49514e+000	
-3.64197e+000	3.04625e+000	-3.05545e-001	-1.92360e+000	
-1.06508e+000	3.17545e+000	3.06518e+000	3.18315e+000	
-1.71409e+000	7.66078e-001	2.83093e+000	8.01938e+000	
8.51806e-001	2.96165e+000	-8.99593e-001	4.33186e+000	
2.85933e+000	1.70157e+000	-2.06520e+000	-2.67163e+000	
4.34288e-001	-5.84245e+000	2.29331e+000	-5.53560e+000	
-1.23605e+000	-9.14299e+000	2.89949e+000	-3.31545e+000	
7.69712e-001	-2.66082e+000	1.90316e+000	2.57638e-001	
6.36601e-001	1.64870e+000	4.09766e-001	3.64984e+000	
1.97722e+000	-7.87250e-001	2.14831e-001	2.96898e+000	
3.64728e+000	-5.53035e+000	-3.25247e+000	-1.03807e+000	
2.10123e+000	-4.73626e+000	-6.05509e+000	-2.23102e+000	
-3.05240e+000	-1.64696e+000	-6.16476e+000	-7.78211e-001	
-4.26478e+000	1.03046e+000	-2.60420e+000	1.85184e+000	
-2.69431e+000	2.12133e+000	1.86191e+000	1.35792e+000	
-3.58821e-001	1.67948e+000	2.78968e+000	2.04613e+000	
6.30764e-001	1.18597e+000	-1.19441e+000	1.85646e+000	
1.30514e+000	2.80166e+000	-2.54585e+000	-1.76520e+000	
1.05222e+000	2.79651e+000	7.80595e-001	-2.83117e+000	
-2.48913e-001	1.67961e+000	5.57422e+000	-2.90191e-001	
7.55869e-001	2.91162e+000	6.17172e+000	1.13913e+000	
3.49870e+000	5.93218e+000	3.91459e+000	-3.69317e-001	
3.49870e+000	3.91016e+000	-6.02573e-001	-1.27560e+000	
2.34493e+000	-3.39160e-001	-2.84729e+000	5.99226e-001	
8.71895e-002	-7.49829e-001	-2.74065e+000	1.52626e+000	
-1.78234e+000	3.18956e+000	-1.58621e+000	2.33727e+000	
-4.78217e+000	4.38835e+000	9.89429e-002	2.93165e+000	
-4.02964e+000	1.30826e+000	2.62233e+000	2.18176e+000	
-4.38745e-001	-8.18296e-001	2.69117e+000	-3.48561e-001	
2.17315e-001	-7.74232e-001	-1.04546e-001	-1.41160e-001	
-2.73882e-001	-7.20679e-001	-2.46873e+000	2.84071e+000	
-1.75914e+000	-2.52035e+000	-7.52949e-001	2.66574e+000	
-1.02520e+000	-2.09260e+000	3.14712e+000	-1.50470e-002	
-2.67301e+000	7.82892e-002	1.49894e+000	3.29126e+000	
-3.47155e+000	2.66826e+000	8.17427e-001	4.84683e+000	
-4.57064e-001	-3.61529e-001	4.13899e-001	1.76379e+000	
1.01152e-002	-3.02267e+000	1.63910e+000	1.73092e+000	
-3.58309e+000	-6.25772e-001	2.54006e-001	1.55768e+000	
-2.08225e-002	2.00663e+000	-8.78768e-001	-9.50368e-002	
1.40377e-001	-7.02510e-001	-6.11267e-001	3.91231e+000	
-2.18236e+000	2.07971e+000	3.13940e+000	-2.08588e+000	
3.31090e+000	5.46946e+000	-2.19323e+000	-3.54806e+000	
-5.15412e-001	5.69818e+000	-3.93785e+000	7.02274e+000	
-7.30601e+000	5.24060e+000	-7.36120e-001	7.15837e+000	
-1.83787e-001	4.08316e+000	-3.33559e-001	-2.31245e+000	
-4.67132e+000	-5.55135e-001	8.26530e-001	-1.74141e+000	
-7.79856e+000	-2.64698e+000	3.02324e+000	8.50447e-001	
2.49106e+000	-1.46094e+000	1.04988e+000	2.61948e+000	
4.00468e+000	-1.96258e+000	2.46906e+000	7.11945e+000	
1.41694e+000	-2.23184e+000	5.62554e+000	-1.05046e+000	
7.49476e+000	-4.28424e+000	-1.15772e+000	-3.16367e+000	
1.06374e+000	9.55256e-003	-1.09316e+000	-9.35925e-002	
-4.16710e+000	6.38516e+000	1.08092e+000	-1.20756e+000	
8.01274e-002	6.71760e+000	1.55564e+000	-1.65090e+000	
-4.87648e+000	1.30881e+000	2.27288e+000	3.16039e+000	
-1.83676e+000	-2.28253e-001	3.19747e+000	-2.04138e-001	
2.80125e+000	-3.40636e+000	-4.61605e+000	4.65342e+000	
-1.86851e+000	-3.76321e+000	-3.27662e+000	5.08451e+000	
9.59125e-001	-4.67782e+000	-1.58484e+000	-1.18093e-001	
2.95892e+000	-5.86902e+000	-3.90814e-001	3.88896e+000	
-4.26547e+000	2.74204e-001	1.76119e+000	4.66466e+000	
9.51932e-001	7.54816e+000	-1.64403e+000	1.28615e+000	
-6.99141e-001	3.83465e+000	-4.29006e+000	-8.42048e-001	
-5.01231e+000	-3.16378e-001	-1.94533e+000	-1.75222e+000	
-5.23966e-001	3.86922e+000	-4.29958e+000	-6.83218e-001	
-2.52607e+000	4.56921e+000	-6.43462e+000	5.66837e+000	
-4.07280e+000	3.52363e+000	-2.84205e+000	3.02275e+000	
4.92893e-001	1.58349e+000	-2.76811e+000	1.07126e+000	
-6.77839e-001	4.57508e-001	5.72716e-002	4.22377e+000	
-3.09651e+000	3.42194e+000	3.26411e+000	2.11230e+000	
3.01441e+000	3.56986e+000	1.43533e+000	-1.04570e+000	
-6.54229e-001	-1.92638e+000	-9.94245e-001	1.78772e+000	
-3.10519e+000	-1.82158e+000	1.91970e+000	6.54006e-001	
1.79280e+000	-1.36061e+000	1.76036e+000	1.08999e+000	
-1.51097e+000	-2.05355e+000	1.33283e+000	5.45132e+000	
-3.46287e+000	1.25069e-001	1.66531e+000	-1.24921e+000	
4.35087e-001	-7.62296e-001	-8.35318e-001	-1.17253e+000	
-3.04142e+000	-3.10144e+000	9.70828e-001	1.45046e+000	
-1.74721e+000	-1.75555e+000	1.96040e+000	3.01281e+000	
1.93329e-002	-1.66376e+000	-5.01047e-001	4.57386e+000	
-3.63696e+000	-2.55546e+000	9.10954e-001	3.44837e+000	
-1.73514e+000	-1.64257e-001	1.78657e+000	1.24767e+000	
-2.39391e+000	6.09629e-001	1.03760e+000	9.49471e-001	
-4.36087e+000	1.06816e+000	2.41304e+000	-1.83610e+000	
-1.10024e+000	2.57078e+000	3.67135e+000	-5.28379e+000	
4.85155e-001	1.69860e+000	3.87884e+000	-3.55310e+000	
1.50378e+000	2.01003e+000	1.99227e+000	-2.65648e-002	
4.83048e+000	1.18408e+000	8.47216e-001	-2.44487e-001	
5.90840e+000	-1.45388e+000	-5.81202e-001	2.84897e-001	
1.82455e+000	5.97699e-001	-2.42667e+000	-7.79058e-001	
8.79604e-001	2.85224e+000	-2.80357e+000	-4.30501e+000	
-2.32103e-001	8.17066e-001	-1.54594e+000	-2.78143e+000	
-2.34818e+000	2.07687e+000	1.59357e+000	-1.63561e+000	
9.10269e-001	3.24054e+000	3.80089e-001	1.28846e+000	
1.43620e+000	1.96623e+000	-8.19181e-001	-1.20164e+000	
3.05959e+000	3.04713e-001	-1.70970e+000	-2.31820e+000	
1.08884e+000	5.40273e-002	-1.06157e+000	3.68344e+000	
-7.42976e-001	6.56541e-001	2.27094e+000	1.58667e+000	
3.49285e+000	-3.58763e+000	3.11014e+000	-6.38594e+000	
9.85440e-001	-7.93985e+000	2.16195e+000	-1.81145e+000	
-2.24493e+000	-4.06202e+000	-1.09786e+000	-2.95078e+000	
7.21414e+000	-1.06314e+000	-4.08313e+000	2.19417e+000	
1.06767e+000	-4.99534e+000	4.10509e+000	6.28539e+000	
1.83933e+000	-3.95016e+000	5.15288e+000	-5.23521e+000	
1.01425e+001	-3.86787e+000	-6.35627e+000	-7.54184e+000	
-1.95971e+000	-1.50513e+000	-4.40554e+000	-4.38846e+000	
-9.55739e-001	3.16014e+000	-3.94435e+000	-5.40946e+000	
3.54088e+000	4.58020e+000	-2.32858e+000	7.64704e-001	
-5.09808e+000	3.20583e+000	6.31587e+000	1.49861e+000	
2.83217e+000	3.50560e+000	1.94274e+000	-4.92058e+000	
4.73265e+000	7.18231e-001	-3.67119e+000	-1.05996e+000	
1.87868e+000	-1.82564e+000	1.14865e+000	-3.91370e+000	
9.76646e+000	-3.80225e+000	-3.47546e-002	-1.91464e+000	
4.49464e+000	-5.03344e+000	-6.39287e-001	-2.79360e-001	
2.11940e+000	-3.57182e-001	-1.48019e-001	-2.22898e+000	
3.31102e+000	3.64443e+000	-4.69098e+000	-1.43591e-001	
-3.09923e+000	4.12587e+000	-1.30342e+000	1.17778e+000	
-3.24795e+000	3.17167e+000	-2.15683e+000	-2.53324e+000	
-1.22522e+000	1.55760e+000	-2.85117e+000	-1.75019e+000	
-5.37434e+000	-2.47140e+000	-7.00955e-001	2.56761e+000	
-6.43964e-002	5.92008e-001	-1.97886e+000	1.73801e+000	
2.51941e+000	-2.22099e+000	-3.54675e+000	-1.76316e+000	
1.64285e+000	-7.31971e+000	2.10180e+000	2.32374e+000	
1.03116e+000	-3.04409e+000	3.54456e+000	6.07512e+000	
3.73912e+000	3.05266e-003	6.01230e-001	1.20084e+000	
2.89571e-002	-7.28785e+000	1.90824e+000	-6.60500e+000	
-3.67117e+000	-9.66563e+000	2.25203e+000	-9.34027e+000	
-1.73854e+000	-1.51774e+000	-2.07198e+000	-4.89420e+000	
-7.97801e-001	4.24329e+000	-1.80807e+000	4.60803e+000	
1.33302e-001	3.49923e+000	1.00344e+001	5.56476e+000	
7.02444e+000	-3.21532e+000	6.09085e+000	-2.65891e+000	
1.22980e+001	-5.46119e+000	-4.77431e+000	-6.75144e+000	
2.55821e+000	-3.25803e+000	-1.00340e+001	-5.72957e+000	
2.50312e+000	1.08281e+000	-6.38317e+000	-2.62187e+000	
-3.09184e-001	2.63532e+000	-2.55111e+000	5.58090e+000	
-7.61363e+000	6.34842e+000	2.92596e+000	5.09966e+000	
-4.88220e+000	7.69933e+000	-3.32561e+000	2.09905e+000	
-6.68538e+000	8.13387e+000	-3.95290e+000	6.92821e+000	
-7.14415e+000	2.75368e+000	6.06602e+000	-3.18397e+000	
5.89401e+000	-7.33720e+000	9.60823e+000	-9.43928e+000	
3.70045e+000	-1.24667e+001	5.06155e+000	-1.26274e+000	
5.36645e+000	-6.57511e+000	9.21841e-001	-3.15615e+000	
1.55334e+001	-5.36222e+000	-6.04669e+000	4.67693e+000	
2.44396e+000	-6.80722e+000	1.78670e+000	6.37044e+000	
1.10239e+000	-4.93785e+000	5.45767e-001	-3.07472e+000	
-5.88384e-002	-2.00216e+000	-7.09366e+000	-1.91146e+000	
-1.59820e+001	2.24892e+000	-1.55750e-001	-1.19125e+000	
-6.98539e+000	4.41195e+000	-6.63298e-001	-4.31293e+000	
-2.88241e+000	2.70637e+000	-2.56781e+000	2.89983e+000	
-5.58996e+000	-1.32996e+000	3.99320e+000	3.54322e+000	
7.76069e+000	-1.17241e+000	-1.25814e-001	4.54967e+000	
5.33144e+000	-1.26054e+000	-3.57421e+000	3.47894e+000	
1.38924e+000	-2.34829e+000	3.45033e+000	-4.73594e+000	
3.37723e+000	-2.82661e+000	4.28995e+000	-6.44502e+000	
-2.04941e+000	1.66770e+000	4.01513e+000	-5.30107e+000	
-9.02966e-001	6.51207e+000	2.89712e+000	-2.85118e+000	
1.75981e+000	7.20664e+000	8.67207e-001	3.51915e+000	
1.41301e-001	4.24044e+000	3.99667e-001	4.17378e+000	
4.30372e+000	2.31020e+000	-3.04432e+000	-9.15509e-002	
1.80879e+000	1.63175e-001	-6.07429e+000	-5.62274e-001	
-4.25301e+000	-3.78598e-001	-2.30886e+000	1.87335e+000	
-2.63206e+000	2.42843e+000	1.54555e+000	-1.28075e+000	
-1.45821e+000	6.16688e-001	1.41614e+000	1.47786e+000	
-4.31746e+000	-1.78076e+000	4.58807e+000	4.03383e+000	
4.98978e-001	5.52549e-002	4.32140e+000	5.84124e-001	
4.41336e+000	-1.00375e+000	-2.46392e-001	-1.37238e-001	
5.97760e-001	-4.65544e+000	9.30665e-001	-5.92827e-001	
2.52265e+000	-6.03916e+000	5.93270e-003	-2.24194e+000	
2.21165e+000	-3.98283e+000	-1.27377e+000	-1.14412e+000	
-2.25268e+000	-1.43964e+000	-1.06297e+000	-1.23074e+000	
-1.25359e+000	1.34773e+000	-2.26003e+000	2.56776e+000	
-4.14541e+000	3.72009e+000	1.50236e-001	3.85670e+000	
-7.58867e-001	5.08781e+000	3.01976e+000	8.93425e-001	
1.73172e+000	2.61621e+000	1.28384e+000	3.19069e+000	
-1.63312e+000	2.57160e+000	1.63604e+000	5.65534e-001	
3.47791e+000	4.83916e+000	-1.59162e+000	-2.35825e+000	
1.62371e+000	3.80524e+000	-4.41728e+000	3.11003e-001	
-3.60795e+000	2.73321e+000	-2.82773e+000	2.12875e+000	
-2.38511e+000	3.86462e+000	-2.16967e+000	3.46828e+000	
-5.93991e+000	4.33413e+000	2.07351e+000	1.64203e+000	
-4.81952e+000	1.85100e+000	3.60981e+000	-1.04755e+000	
-9.38523e-001	3.74681e-001	4.12908e+000	1.41365e-001	
-5.92533e-002	-8.55834e-001	4.62283e+000	-1.99289e+000	
8.00357e+000	-1.16794e+000	2.33507e+000	4.92607e-001	
6.02127e+000	-3.15037e+000	-8.31476e-001	3.72195e+000	
3.94061e+000	-1.98575e+000	-1.49050e+000	1.20157e+000	
3.69732e+000	5.39546e-001	-2.99052e+000	1.10933e+000	
-3.94622e+000	3.74952e+000	-6.67444e-001	3.67943e+000	
-6.42772e+000	5.34881e+000	9.73980e-001	-9.54008e-001	
-3.73957e+000	4.78331e+000	-9.61604e-002	-4.09255e+000	
-6.54102e+000	1.53632e+000	-2.39620e+000	6.13048e+000	
-7.80456e+000	2.50829e+000	1.54899e+000	7.99521e+000	
3.29879e+000	9.25811e-001	8.05257e-001	2.38977e+000	
1.38313e+000	-4.26388e+000	-8.09956e-001	2.18266e+000	
-3.56656e+000	-4.57504e+000	1.67356e+000	-1.11658e+000	
5.91774e+000	-2.40320e+000	-1.10923e-001	1.19091e+000	
2.12901e+000	8.87985e-001	-8.25960e-001	7.75423e+000	
-3.85423e+000	1.70729e+000	5.11543e-001	1.38919e-001	
1.00428e+000	3.87563e-001	3.14491e-002	-2.86115e-001	
-5.14939e+000	4.54442e+000	-1.39504e+000	8.00180e-001	
-4.52616e+000	7.50316e+000	-1.65950e+000	-2.39414e+000	
-2.18714e+000	3.59401e+000	-2.91851e+000	1.40422e+000	
-5.61426e+000	3.65109e+000	6.21357e-001	9.19951e-001	
2.87883e+000	1.24117e+000	1.39640e+000	1.24093e+000	
2.10716e+000	-1.58335e+000	-3.45538e-003	7.88178e+000	
-4.43954e-003	2.37271e+000	2.52397e-002	1.55887e+000	
5.87676e+000	-3.04265e-002	-5.45907e-001	3.01786e-001	
-1.80654e+000	-5.58890e+000	3.90531e+000	-1.38814e-001	
-3.21038e+000	-4.58856e-001	8.42364e-001	-4.93802e-001	
-1.13202e+000	2.74515e+000	3.44159e-003	2.86525e+000	
-7.88788e+000	9.63097e-001	3.37852e-001	2.94251e+000	
-2.58065e+000	1.57212e+000	-1.11264e+000	-4.78668e-001	
-3.18528e+000	-5.10240e-001	-2.50264e-001	3.02898e+000	
-3.58746e+000	1.58215e+000	1.14297e+000	1.31429e+000	
2.21599e+000	2.23917e+000	-8.32171e-001	5.06017e-001	
1.13332e+000	-2.85454e+000	2.49896e+000	1.07259e+000	
1.66671e+000	-3.91314e+000	1.11621e+000	1.90680e+000	
3.08399e+000	3.36045e-001	2.62525e-001	2.26943e+000	
-4.99303e-001	-1.01256e+000	-2.21846e-001	1.10487e+000	
-1.92594e+000	-1.66985e+000	-1.71566e+000	1.79712e-001	
-5.18331e+000	4.92639e-001	-4.03261e-001	3.39984e-002	
-5.43529e+000	1.60642e+000	1.78282e+000	-3.99539e-001	
-3.33251e+000	2.55737e+000	7.15165e-001	-2.25864e-001	
-2.69069e+000	1.96096e+000	8.93268e-001	-3.37564e-001	
1.78205e+000	-7.78821e-001	2.35811e+000	4.21128e-001	
4.64578e+000	-8.80505e-001	1.61700e+000	6.56922e-001	
5.65938e+000	-1.17688e+000	-9.66761e-003	5.04867e-001	
4.21306e+000	-2.75895e+000	-7.42225e-001	1.38160e+000	
1.37959e+000	-2.96159e-001	-9.49714e-001	-1.49765e+000	
1.35451e-001	2.12908e+000	-7.94787e-001	-4.45803e-001	
-3.37321e+000	2.79165e+000	4.04344e-001	3.07124e-001	
-3.14471e+000	4.02651e+000	5.61374e-002	-1.33334e+000	
-8.07864e-001	2.81335e+000	1.17401e+000	-6.98315e-001	
-6.13421e-001	8.29283e-001	2.96650e+000	-1.39734e+000	
3.77886e+000	-3.56220e-001	-6.27721e-001	-1.05028e+000	
4.23247e+000	-3.33801e+000	-1.02587e+000	2.78443e-001	
3.17232e+000	-4.11447e+000	-7.92003e-002	-9.44918e-001	
3.60531e+000	-9.10196e-001	-2.36779e+000	2.31602e-001	
-1.20679e+000	-8.02546e-001	-1.74530e-001	4.57884e-001	
-1.70477e+000	-1.21498e+000	2.00052e+000	-1.48352e+000	
-9.65130e-001	8.00812e-001	1.22423e+000	-2.52236e-001	
-2.44143e+000	-5.25422e-001	6.14452e-001	-7.87817e-001	
8.47006e-001	-1.88460e+000	-4.29891e-001	-2.33211e-001	
8.52026e-001	-1.33198e+000	-1.65096e+000	-1.75117e+000	
1.74432e+000	-8.20984e-001	-9.73308e-001	-1.13776e+000	
1.75545e+000	-1.23314e+000	-1.01525e+000	-3.99390e-001	
1.59113e+000	4.45460e-001	2.86249e-001	-1.10346e+000	
2.09060e+000	8.77144e-001	-1.21598e+000	-6.64874e-001	
1.17280e+000	2.20934e+000	-9.40750e-001	2.77870e-001	
1.44078e+000	2.46166e+000	-1.19073e+000	-1.60949e+000	
2.64883e+000	1.61917e+000	-1.31558e+000	-2.45221e+000	
7.07108e-001	2.93477e-001	-2.68026e+000	-9.70425e-001	
-5.68105e-001	2.46220e+000	-2.25673e+000	7.42172e-002	
-1.07789e+000	4.24371e+000	-7.82651e-001	1.05386e+000	
-1.68347e+000	4.06922e+000	2.00769e+000	6.96708e-001	
-1.51359e+000	7.01706e-001	3.23675e+000	2.10345e-002	
5.71281e-001	-4.21358e+000	2.97063e+000	-3.50016e+000	
3.18562e+000	-5.47921e+000	-8.39077e-001	-4.72165e+000	
2.62522e+000	-4.06525e+000	-3.78089e+000	2.84062e+000	
2.37725e-002	-1.88785e+000	2.73955e+000	8.32210e+000	
3.52240e+000	-2.28049e+000	6.09083e+000	4.29170e+000	
3.63800e+000	-4.15704e+000	3.40548e+000	-3.85299e+000	
-2.41376e+000	-6.46460e+000	-3.04889e+000	-8.12769e+000	
-3.11202e+000	-3.55873e+000	-4.16124e+000	-6.56073e+000	
-2.64525e+000	1.00120e+000	-1.48169e+000	-3.95062e-001	
-2.17997e+000	1.09773e+000	5.67061e+000	4.55935e+000	
2.06681e-001	-2.85901e+000	5.96418e+000	2.46142e+000	
6.03632e+000	-2.28591e+000	-1.11596e+000	-2.77174e+000	
5.76928e+000	-2.16064e+000	-4.50642e+000	-7.40027e+000	
3.75537e+000	-2.63327e+000	-6.68701e-001	-3.83829e+000	
3.32456e+000	-1.25768e+000	4.01690e+000	-4.97113e+000	
5.55869e+000	1.44071e-001	1.72335e+000	-1.76961e+000	
9.13352e-001	1.47790e+000	-2.50299e+000	4.69670e+000	
-1.76761e+000	4.27598e+000	-4.78606e+000	2.97970e+000	
2.88587e+000	2.27998e+000	-5.16558e+000	-4.50405e-001	
-4.40094e+000	-1.37211e+000	8.50629e-001	-4.17843e+000	
-3.58246e+000	-2.00987e+000	1.17318e+000	-2.80099e+000	
6.62732e-001	-2.08512e+000	-7.18230e-001	1.99243e+000	
7.65177e-001	-2.95747e-001	-1.19888e+000	8.97051e-001	
3.93123e+000	-8.21522e-001	-2.26653e+000	-6.57660e-001	
4.00789e+000	-3.50748e+000	-2.09450e+000	2.33761e+000	
2.84557e+000	-1.24141e+000	-4.00315e+000	2.57456e+000	
-1.35728e+000	3.00398e+000	-2.69917e+000	2.32205e+000	
-5.36447e+000	2.13098e+000	1.63892e+000	-2.30159e+000	
-2.82938e+000	-1.61046e+000	1.21429e+000	-4.86448e+000	
-4.74301e+000	-3.26940e+000	6.85630e-001	-1.80018e-001	
-4.53812e+000	-5.17282e-001	4.09361e+000	1.16310e-001	
4.36150e+000	-3.13694e+000	2.07018e+000	9.71279e-001	
4.28456e+000	-1.07460e+001	5.29591e+000	-1.82207e+000	
4.31902e+000	-1.07389e+001	6.37267e+000	-6.42265e+000	
1.01633e+001	-1.67540e+000	7.19915e-002	-1.19454e+000	
5.58026e+000	1.56318e+000	-1.34532e-001	-1.74972e-001	
5.72368e+000	-1.04970e+000	7.98478e-001	-3.34133e+000	
3.47205e+000	4.81529e-001	-2.93853e+000	-1.95697e+000	
-3.30511e+000	7.07664e+000	-7.58440e+000	1.69279e+000	
-6.10751e+000	9.69792e+000	-8.72835e+000	3.24390e+000	
-9.90615e+000	5.86876e+000	-2.37525e+000	3.91179e+000	
-7.49548e+000	2.10251e+000	2.83018e+000	6.53479e-001	
-2.41282e+000	3.92726e-001	2.09928e+000	8.67654e-001	
-6.61605e-001	-7.74610e-001	3.11796e+000	3.13292e+000	


