
2.14539e+000	7.79864e-002	2.94622e+000	-2.85113e-001	
6.35557e+000	4.54152e+000	4.68974e+000	-1.81114e+000	
8.42493e-001	7.47476e-001	6.71455e+000	-2.65847e+000	
6.72067e-001	2.72300e+000	4.69663e+000	-1.05879e+000	
5.07506e+000	2.41239e+000	1.17829e+000	4.12324e-001	
3.31490e+000	-3.64000e+000	-2.67529e+000	-8.09595e-001	
-2.53754e+000	1.72880e+000	-4.90345e+000	1.94153e+000	
-7.06618e+000	3.10221e+000	-5.54123e+000	5.99845e+000	
-2.52424e+000	-7.14213e-002	-1.92121e+000	9.16197e-001	
1.02608e+000	2.67351e+000	-5.22531e+000	3.13246e+000	
-7.07378e+000	8.23239e+000	-1.86700e+000	9.99023e+000	
-1.42368e+001	-6.58614e-001	6.79401e+000	3.63734e+000	
6.54784e+000	6.89855e-001	2.85393e+000	-1.16050e-001	
7.42155e+000	-4.57415e-001	2.72494e+000	-2.95711e+000	
-1.05755e+001	-9.14003e+000	7.05351e+000	-2.62547e+000	
1.24834e+000	2.56586e+000	-1.21928e+000	3.55980e+000	
4.54818e+000	8.22316e-001	2.11617e-001	1.53898e+000	
-1.83412e+000	-4.19696e+000	2.14068e+000	-1.12019e+000	
-1.41281e+000	6.94954e+000	-1.68517e+000	3.03632e+000	
-3.72740e+000	8.43602e-001	1.25527e+000	2.27552e-001	
-4.65186e+000	1.57709e+000	9.49830e-001	-1.11616e+000	
3.85128e+000	3.26016e+000	-1.46361e+000	9.20714e-002	
-4.31684e+000	-2.60675e+000	7.77245e-001	-1.13456e-001	
-2.97134e+000	-3.57980e+000	-7.02631e-001	4.67333e+000	
1.71643e-001	2.65657e+000	-3.30300e+000	6.19245e+000	
-3.38397e+000	-1.27685e+000	3.78960e-001	3.83624e+000	
-4.76787e+000	-2.94122e+000	4.43920e+000	1.53758e-001	
2.15719e+000	6.79796e+000	5.41608e+000	-2.18093e-001	
2.40930e+000	1.16655e+000	1.91843e+000	4.73435e-001	
-4.85512e+000	5.59768e+000	1.01770e+000	9.75290e-001	
-5.12853e+000	3.97467e+000	1.53122e-001	2.06966e+000	
6.36336e-002	-1.97617e+000	-2.15574e+000	2.00826e+000	
-2.80611e-001	8.54314e-001	-4.26940e+000	3.16690e+000	
-7.44679e+000	2.04944e+000	-6.86215e-001	3.89230e+000	
-3.40568e+000	-4.72707e+000	3.49281e+000	1.53955e+000	
5.86668e+000	-3.87441e+000	1.21391e-001	5.29357e-001	
8.66917e-001	-3.02582e-001	1.45586e+000	8.92416e-001	
-7.60731e+000	-4.07683e+000	1.93761e+000	2.51977e+000	
-2.30361e+000	-1.39264e+000	-1.68696e+000	4.53411e+000	
4.91735e-001	-2.24367e+000	-1.99847e+000	2.49469e+000	
-4.96299e+000	-3.39378e+000	1.35349e+000	8.75409e-001	
-4.71753e+000	-4.98629e-001	1.45475e+000	2.43983e-001	
1.18443e+000	6.57996e-001	2.87986e+000	-3.02975e+000	
2.75640e+000	-2.02403e+000	2.71472e+000	-3.91887e+000	
1.12038e+000	1.66196e+000	2.41218e+000	-1.39649e+000	
1.11279e+000	1.30891e+000	6.91984e-001	4.92604e-001	
1.79531e+000	1.33996e+000	-2.45291e+000	2.72472e+000	
5.30495e-002	5.92334e+000	-2.80029e+000	2.61475e+000	
-3.43798e+000	4.34290e+000	-2.57776e+000	5.19124e-001	
-3.09821e+000	5.26348e+000	-2.46353e+000	-5.30563e-001	
-1.00723e+000	1.18892e+000	-3.68362e-001	-1.80221e+000	
1.96641e+000	-9.65292e-001	-4.33892e-001	3.88883e-002	
1.06719e+000	1.91563e+000	-6.45795e-001	3.19587e+000	
-1.32529e+000	-2.35334e-001	2.63540e+000	4.22192e+000	
1.64184e+000	-2.30359e+000	1.37046e+000	4.59032e+000	
8.04770e-001	-2.74016e+000	1.52732e+000	-1.57362e+000	
-2.45735e+000	-6.99192e+000	6.23142e-001	-6.90435e+000	
-2.90865e+000	-1.14453e+000	-5.21759e+000	-2.44228e+000	
-2.48951e+000	-1.71640e+000	-3.41682e+000	2.72140e+000	
-4.76412e-001	-1.42911e+000	2.86234e+000	5.38432e+000	
8.92485e+000	-8.44355e-001	2.77667e+000	8.22206e+000	
4.06187e+000	-3.77164e+000	5.57060e-001	-8.54419e-001	
-4.89515e+000	-2.02403e+000	-3.69729e+000	-9.00185e+000	
-1.07955e+001	2.08415e+000	-5.10074e+000	-4.84000e+000	
-7.51342e+000	-3.77827e-001	3.74844e+000	3.28062e+000	
8.78211e+000	-6.72266e+000	5.50037e+000	4.27698e+000	
1.26223e+001	4.76321e-001	1.73122e+000	-2.92540e+000	
-5.26232e+000	-4.50933e+000	2.41839e+000	-8.04267e+000	
-4.15238e+000	-5.25488e+000	9.67898e-001	-5.49967e+000	
9.53342e+000	8.46587e-001	1.46579e+000	-6.08103e-001	
9.69150e+000	-1.29380e+000	5.67558e+000	3.02211e-001	
5.23273e+000	3.28701e+000	2.29367e+000	1.50179e+000	
-1.60467e+000	3.63762e+000	-6.27283e+000	-6.74114e-001	
-4.74765e+000	1.18121e-001	-8.60197e+000	-2.23041e+000	
-6.27009e+000	2.85614e+000	-8.35255e+000	-1.42099e+000	
-9.18824e+000	5.17630e+000	1.87469e-001	-2.37454e+000	
7.06902e+000	-2.63630e+000	2.12288e+000	-4.41491e-001	
1.08271e+001	7.15129e+000	2.41384e+000	5.23183e+000	
-5.67808e+000	-1.06668e-001	4.19749e+000	5.17706e+000	
-5.89578e-001	-5.60914e+000	5.57459e+000	-3.74506e+000	
4.29824e+000	-7.07475e+000	4.41492e+000	-1.08049e+001	
5.69272e+000	-8.19030e+000	6.91843e-001	-7.89408e+000	
-3.91742e-001	-3.27488e+000	-3.18340e+000	-6.26408e-001	
7.25256e-001	-3.36097e+000	-3.76958e+000	1.74378e+000	
4.44492e+000	1.75971e+000	1.22408e+000	9.25134e-001	
8.66216e+000	-6.95043e+000	-4.14857e-001	-1.62378e+000	
2.52898e+000	-1.14019e+000	-7.25564e+000	-2.99054e+000	
-9.40168e+000	-9.22854e-001	-6.58834e+000	-4.87272e+000	
-4.83504e+000	-1.98620e+000	-1.77361e+000	-4.97851e+000	
6.43983e+000	1.03355e+000	-2.49471e+000	1.14104e+000	
9.88784e+000	4.85241e+000	3.25839e-001	5.00512e+000	
-1.97456e+000	4.24854e+000	3.68222e+000	1.85519e+000	
7.04224e-001	7.94823e-002	8.02484e-001	-2.22306e+000	
3.30702e+000	-1.66650e+000	1.15207e+000	-7.29018e+000	
-1.90441e+000	-3.71524e+000	5.03504e+000	-1.19274e+001	
5.70982e+000	1.52109e+000	-8.27628e-001	-5.04135e+000	
8.99744e+000	1.87048e+000	-8.69292e-001	2.83382e+000	
5.68534e-001	-6.34477e-001	3.95993e+000	3.06371e+000	
6.36439e+000	-2.40121e+000	8.63875e-001	-2.23286e+000	
6.42599e+000	-2.76591e+000	-5.51503e+000	-4.91250e+000	
-6.58625e+000	-2.17913e+000	-7.23274e+000	-5.33796e+000	
-8.54670e+000	-1.40497e+000	-3.75289e+000	-2.65184e+000	
3.92278e+000	2.48032e+000	-5.69923e-001	1.17203e+000	
1.52853e+001	6.70743e-001	-2.18555e+000	5.95824e+000	
-2.12341e+000	8.82111e-001	-2.18927e+000	6.14186e+000	
-8.96286e+000	6.41729e-001	-1.23502e+000	3.81770e-001	
-7.41279e-001	-4.07873e+000	-4.37070e-001	-4.43932e+000	
1.36633e-001	-4.66199e+000	3.09107e+000	-3.62024e+000	
-8.01933e-001	-6.24257e+000	2.64960e+000	-3.06318e+000	
2.74812e+000	-2.40853e+000	1.46344e+000	-2.89700e+000	
4.84656e+000	-1.63681e+000	7.84962e-001	-1.93307e+000	
2.67987e+000	-2.40188e+000	3.16708e+000	-1.13455e-001	
7.22642e+000	-2.01494e+000	1.16835e+000	-1.69570e+000	
5.49339e+000	2.02992e+000	-7.80724e-001	-3.26280e+000	
-1.70386e+000	4.73690e+000	-2.38159e+000	-1.91232e+000	
-4.71170e+000	4.56051e+000	-3.60059e+000	9.40988e-001	
-2.32579e-001	1.74426e+000	-5.40673e+000	6.99573e-001	
-1.21809e+000	3.94349e+000	-5.31830e+000	6.90637e-001	
-6.69263e+000	2.55597e+000	-2.65419e+000	2.86885e+000	
-5.31172e+000	-3.86057e-002	2.36996e+000	5.65534e-001	
4.09755e+000	1.70779e+000	6.98893e+000	-2.98319e+000	
7.62671e+000	2.63854e+000	8.37527e+000	-2.60111e+000	
2.59465e+000	1.96760e-001	8.09439e+000	-8.36979e-001	
2.10943e+000	4.61817e-001	3.17288e+000	-1.39158e+000	
2.07849e+000	1.93800e+000	-2.14361e+000	-2.91309e-001	
-2.23115e+000	9.20616e-001	-4.60658e+000	1.77592e+000	
-6.89427e+000	2.92027e+000	-2.85051e+000	2.71650e+000	
-2.20469e+000	3.11374e+000	-2.88767e-001	1.51021e-001	
3.87543e+000	2.49198e+000	1.43033e+000	-4.31834e-001	
1.03286e+000	-6.43652e-002	2.87157e+000	-1.70362e+000	
4.05298e-001	-1.17512e-001	2.77445e+000	-1.34806e+000	
3.24121e+000	-7.61648e-001	-1.02064e+000	9.26490e-002	
1.70792e+000	-1.69389e+000	-4.75944e+000	3.85569e+000	
-5.51322e+000	6.78473e-001	-4.77489e+000	3.68923e+000	
-4.86937e+000	-2.21637e-001	-3.03468e+000	1.71179e+000	
-3.54428e-001	1.34118e+000	-3.61880e+000	1.26888e+000	
-2.03277e+000	2.26814e+000	-1.26951e+000	6.72765e-001	
-4.29947e+000	1.92648e+000	3.16708e+000	-1.83363e+000	
4.00284e+000	1.60882e+000	3.37360e+000	-3.55590e-001	
5.53993e+000	9.10584e-001	1.82599e+000	3.41221e+000	
-8.89996e-001	-3.24405e-001	2.44432e+000	2.42320e+000	
-9.84165e-001	-1.07795e+000	3.51908e-001	1.98295e-001	
1.62583e+000	-2.07129e-001	-8.14527e-001	-1.22785e+000	
-1.31689e-002	-5.54890e-001	-8.40325e-001	-2.16541e+000	
-2.43415e+000	1.11029e+000	-2.41070e+000	1.17822e+000	
-1.45989e+000	2.02681e+000	-2.71104e+000	5.09289e+000	
-2.81883e+000	3.35968e+000	5.28632e-001	3.24992e+000	
-4.07619e-001	3.46896e+000	1.60788e+000	1.71020e+000	
-8.13603e-001	4.19512e+000	1.05784e+000	3.46698e+000	
-6.03182e+000	1.42280e+000	4.10519e+000	1.33230e+000	
-3.45033e+000	4.65479e-001	3.45527e+000	-1.81720e+000	
3.03415e+000	2.70381e-001	1.14020e+000	-4.03813e-002	
-2.20442e+000	-3.28016e+000	2.76065e+000	1.42944e+000	
-3.71560e+000	-9.89691e-001	5.40655e+000	2.88571e+000	
3.73933e+000	2.18462e+000	4.79788e+000	4.04825e+000	
4.07177e+000	1.52788e+000	4.75842e+000	7.30417e-001	
-2.92561e+000	1.00508e+000	1.00831e+000	-2.59261e+000	
-6.73917e+000	1.71077e+000	-2.60081e+000	-2.51333e+000	
-5.14509e+000	-2.93335e+000	-5.38618e+000	1.43838e+000	
-1.28485e+000	-3.22159e+000	-6.04286e+000	5.68065e+000	
-9.41558e-001	-1.40985e+000	-2.46395e+000	5.68699e+000	
-1.12840e+000	1.83068e-001	-7.59346e-001	7.40327e+000	
-1.28879e+000	-1.48694e-001	3.25004e-001	5.88459e+000	
-3.59497e+000	7.96835e-001	2.13198e+000	-1.01973e+000	
-4.59107e+000	9.99797e-001	1.37252e+000	-5.17928e+000	
-3.32291e+000	-5.13130e-001	-1.66752e+000	-2.19821e-001	
-2.11012e+000	3.32877e+000	-1.94270e-001	3.62480e+000	
1.22324e+000	2.69576e+000	4.79379e-001	5.35103e+000	
3.00403e+000	3.54001e+000	-8.60883e-001	6.93413e+000	
-2.91544e+000	2.32562e+000	-6.34218e-001	4.36922e+000	
-6.85627e+000	3.60156e+000	1.38700e+000	-2.18112e+000	
-2.86605e+000	2.63312e+000	8.11719e-001	-2.28259e+000	
-3.36789e-001	-3.45147e-001	2.43645e+000	6.93006e-002	
4.82641e-001	-1.15049e+000	3.12652e+000	8.78437e-001	
3.15207e+000	-8.32554e-001	1.05839e+000	1.75704e+000	
2.55096e+000	-1.20052e+000	-1.38374e+000	3.60217e+000	
-2.91856e+000	3.78637e-002	-2.44588e+000	3.76879e+000	
-6.21514e+000	8.42797e-001	-2.18087e+000	6.41202e-001	
-3.42170e+000	8.54999e-001	-2.18694e+000	-1.42568e-001	
-1.97212e+000	7.77041e-001	-2.44119e+000	3.53660e+000	
-4.57465e+000	5.22017e-001	1.20973e+000	3.51858e+000	
-1.38391e+000	-1.99867e+000	3.79327e+000	1.72216e+000	
4.75822e+000	-3.48895e+000	2.38513e+000	2.74317e+000	
-5.08914e-002	-2.51007e+000	2.64049e+000	1.43737e+000	
-4.80180e+000	-3.18810e+000	2.56558e+000	-1.87225e+000	
-6.68415e-001	-5.78478e-001	1.08822e-001	-1.86951e+000	
1.32541e+000	-1.08880e+000	-9.41039e-001	-1.03458e+000	
-1.48188e+000	2.23235e+000	-2.31935e-001	-4.20591e-001	
2.04884e-001	1.88120e+000	-2.37691e+000	2.23339e+000	
4.03398e-001	2.15697e+000	-2.44092e+000	2.53101e+000	
-1.53954e+000	1.51886e-001	-1.82714e+000	1.95954e+000	
-1.99139e+000	1.01959e+000	-1.03761e+000	2.49894e-001	
-1.51051e+000	-9.51185e-001	-1.32054e-001	-1.09367e+000	
-1.62340e+000	-1.81103e+000	1.98933e+000	-2.29311e+000	
9.42222e-001	-2.99721e+000	3.10499e+000	-1.21171e+000	
3.94599e+000	-3.53695e+000	2.29725e+000	1.58660e-001	
3.15261e+000	-2.51197e+000	8.11579e-001	1.06883e+000	
1.02573e-001	-2.76136e-001	4.82687e-001	1.48032e+000	
-2.00829e-001	-2.73018e-001	4.09452e-002	-2.53380e+000	
6.44247e-001	2.02187e-001	-2.47610e+000	-2.44704e+000	
-4.55796e+000	6.77614e+000	-4.18041e-001	1.44674e+000	
-6.79589e+000	5.92654e-001	6.48276e+000	7.86195e-001	
7.10932e+000	-6.03017e-001	3.08278e+000	-2.20994e+000	
6.98842e+000	-6.74467e-001	-2.05395e+000	-1.78217e+000	
-9.27427e+000	-1.84587e+000	1.43073e+000	-8.35774e+000	
-1.28987e+000	-7.79657e+000	-5.95456e-001	-2.23675e+000	
1.44291e+001	-3.13414e+000	-7.93012e-001	1.43093e+001	
1.29976e+000	-3.08560e+000	1.16178e+001	3.91623e+000	
5.37521e+000	-9.02492e+000	1.70748e+000	-8.06400e+000	
3.87502e+000	7.47207e+000	-1.19828e+001	-5.59854e+000	
-2.18670e+001	-4.86711e+000	-3.33875e+000	-5.57361e+000	
-8.75783e+000	3.65289e-001	-9.69599e-001	-2.17867e+000	
1.81934e+001	6.26149e+000	2.82825e+000	4.35856e+000	
1.10759e+001	-4.59962e+000	2.79127e+000	4.61474e-001	
-7.18342e+000	2.14558e+000	-3.68710e+000	-3.32673e-001	
-1.18838e+000	-4.54959e+000	-5.64155e+000	-2.51953e+000	
5.30655e+000	-2.03975e+000	-8.54404e-001	-2.42268e+000	
3.59794e+000	-1.00986e+001	-1.89668e+000	9.33704e-002	
1.84727e+000	1.23272e+000	1.27374e+000	-2.93448e+000	
-1.10460e-001	-1.79462e+000	-2.27358e+000	-9.54010e-001	
2.02733e+000	-2.24135e+000	-4.55692e+000	1.01579e+000	
-6.02355e+000	5.64013e+000	1.13867e+000	-2.51305e+000	
2.46330e+000	-1.91759e+000	4.36744e-001	-9.05099e+000	
6.28365e+000	2.37782e+000	-4.47635e+000	-1.51359e-001	
-5.44741e+000	1.85918e-001	2.39133e+000	-4.10790e-001	
3.25967e+000	-7.76015e-001	1.72375e+000	-5.68704e+000	
1.58179e+001	3.53594e+000	-5.49876e+000	3.92963e+000	
-1.50101e+000	-2.73825e+000	4.23252e+000	4.76947e+000	
-5.73168e+000	-7.70438e+000	5.35536e+000	-3.23354e+000	
1.27721e+001	5.08249e+000	-5.15690e+000	-1.12293e+000	
-6.24214e+000	-6.33896e+000	-4.71296e-001	-4.03302e+000	
-1.24901e+001	-4.55894e+000	-3.32924e-001	-3.48923e+000	
5.26937e+000	1.01417e+000	-4.16623e+000	1.20748e+000	
8.44234e+000	2.39473e-001	1.90682e+000	3.84244e+000	
-2.38326e+000	-2.34290e+000	6.53613e-001	5.36501e+000	
2.55902e-001	-5.33599e-001	5.07515e-001	-2.31415e+000	
7.61618e-001	-5.25329e-001	-6.17946e-001	-5.26229e+000	
-2.22817e+000	-4.82373e+000	9.28839e-001	-3.73295e+000	
1.25607e+000	-1.55939e+000	2.81928e+000	-4.13925e+000	
5.13395e+000	-7.69778e-001	-1.11032e+000	-6.42548e-001	
1.44034e+000	-3.10838e+000	-3.04380e+000	3.24603e+000	
-5.39001e+000	-9.39523e-001	6.57613e-001	9.59582e-001	
5.33930e-001	-9.58504e-001	3.71200e+000	-6.44213e+000	
9.22934e+000	-3.50278e+000	-1.72480e-001	-5.18864e+000	
-1.13370e+000	1.57981e+000	-4.48121e-001	-2.35277e+000	
-5.78012e+000	-2.28731e+000	-7.43351e-001	-8.65227e-001	
6.17591e+000	2.79107e+000	-1.14522e+000	2.05798e+000	
6.22164e+000	5.23918e-001	-1.74037e+000	1.94254e+000	
-2.31162e+000	1.31638e+000	-1.28196e-001	-1.26951e+000	
-3.97748e+000	5.01836e+000	-2.63158e+000	-1.73720e+000	
-3.51858e+000	1.89381e+000	6.56095e-001	-3.80271e+000	
3.51422e+000	4.62735e+000	-1.41397e+000	-2.04906e-002	
2.88679e+000	1.39800e+000	1.71409e+000	2.30185e+000	
-1.69369e+000	4.26278e+000	3.67848e+000	1.87350e+000	
3.76932e+000	7.67961e-001	1.92448e+000	1.79654e+000	
2.25936e+000	-5.58816e-001	2.71250e+000	-4.54439e+000	
-1.40806e+000	-2.43564e+000	-7.64735e-001	-5.31274e+000	
-4.32702e+000	-8.78376e-001	4.65632e-003	-5.16039e+000	
2.07482e+000	-2.05818e+000	4.86268e-001	-6.15885e-001	
7.96796e+000	1.40545e+000	-7.87637e-001	2.88787e+000	
2.68950e+000	-2.55390e-001	1.20265e-001	3.39398e-001	
1.16665e+000	2.22516e+000	-2.70277e+000	-1.14714e+000	
-1.31905e+000	8.00907e-001	-3.81913e+000	-1.26115e+000	
-6.89992e-001	1.14596e+000	-8.36374e-002	-3.07025e+000	
3.51639e+000	3.83259e+000	-1.48253e+000	-2.20108e-001	
3.40689e+000	4.96261e-001	-3.10165e-001	3.89410e-001	
2.88926e-002	2.39898e+000	-6.87894e-001	4.91742e-001	
-8.23917e-001	2.63475e+000	-2.40754e+000	2.24095e-001	
-8.53226e-001	2.39423e+000	-3.51893e+000	-9.41614e-001	
-2.82697e+000	2.74918e+000	-2.41651e+000	-1.89445e+000	
-2.13224e+000	4.04382e+000	2.43046e-001	-2.91747e+000	
3.31801e+000	2.70471e+000	3.72037e-001	1.43693e+000	
5.41401e+000	1.95048e+000	2.03167e+000	3.26376e+000	
4.54397e+000	2.63977e+000	2.52846e+000	1.69464e+000	
2.54037e+000	3.76128e+000	-3.29342e-001	9.91290e-001	
-2.38584e+000	-1.57891e+000	-1.11308e+000	-9.62081e-001	
-5.03939e+000	5.43850e-001	-1.75859e+000	-1.55128e+000	
-2.43306e+000	1.68854e+000	-4.45968e-002	-4.30831e+000	
1.74672e+000	-2.22427e+000	6.72871e-002	-1.85827e+000	
1.71809e+000	1.73817e+000	-8.39235e-001	6.11030e+000	
-4.94889e+000	2.97367e-001	4.44069e+000	5.36054e+000	
1.17846e+000	-1.04107e+000	3.87120e+000	-2.74444e-001	
4.44193e+000	2.68017e+000	-1.62739e+000	3.71250e-001	
-7.77842e+000	1.28018e+000	4.88644e+000	-4.97490e+000	
-6.24459e+000	1.20290e+000	6.44384e+000	-2.35522e+000	
1.26664e+001	2.86212e+000	8.52681e-001	5.77851e+000	
2.57905e+000	-3.19867e+000	4.82587e+000	4.38104e+000	
-6.28367e+000	-1.56427e+000	2.79541e+000	-1.98150e+000	
5.67852e-001	5.12927e+000	-6.44654e+000	-1.98121e+000	
-8.49364e+000	-7.86858e-001	-3.62006e+000	-2.25145e+000	
-5.73372e+000	4.31620e+000	-1.07501e+000	-1.07191e+000	
3.09317e+000	2.69332e+000	9.70221e-001	2.01172e+000	
8.45821e+000	-2.39971e+000	3.22625e+000	1.86874e+000	
2.73020e+000	4.61312e+000	-7.46667e-001	6.34883e+000	
-2.41583e+000	-1.59552e-002	-4.32812e-001	1.81729e+000	
-5.75258e+000	-9.62026e-001	4.05558e-001	-1.03796e-001	
-1.59174e-001	2.92747e+000	-1.53110e+000	1.36112e+000	
-3.59402e+000	6.01048e-002	-2.84370e-001	2.70685e+000	
-5.39341e+000	-1.33555e+000	1.33264e+000	2.19318e+000	
-4.82523e-001	5.33399e+000	-8.51929e-001	2.76681e+000	
5.21174e-001	-2.72659e+000	1.39748e+000	-6.92056e-002	
-1.37468e+000	1.80989e+000	3.49961e-001	1.84453e+000	
-1.56003e+000	3.91882e+000	7.15411e-001	2.17502e+000	
-9.32877e-001	1.41603e+000	-3.33622e-001	1.03525e+000	
-5.27934e-002	1.45033e+000	-1.65471e+000	4.07571e-001	
-2.16643e+000	1.70983e+000	-1.77515e+000	1.54647e+000	
-3.09944e+000	-5.05272e-002	4.84055e-001	4.03067e+000	
8.88622e-001	-1.92721e+000	2.20398e+000	2.73135e+000	
1.76423e+000	3.73293e-001	4.25895e-002	2.33356e+000	
-3.95075e+000	-1.43425e+000	5.52758e-001	3.75142e-001	
-6.76197e+000	-1.78187e+000	5.39238e-001	2.58542e-001	
-1.08851e+000	1.42159e+000	-1.32618e-001	1.18039e+000	
3.72729e-001	9.98584e-001	1.40727e+000	1.86673e+000	
-5.08168e-001	2.94386e-001	2.44375e+000	3.29633e+000	
-1.64932e+000	2.55191e+000	6.87818e-001	4.11152e+000	
-9.62593e-001	1.75742e+000	7.84665e-001	1.50583e+000	
-1.80916e+000	-2.48743e-001	-5.28696e-001	1.91861e+000	
-3.86391e+000	7.63678e-003	1.35954e+000	8.95301e-001	
-3.32807e+000	-1.51207e+000	6.47258e-001	2.87000e+000	
-8.44272e-001	-1.73998e+000	-1.91802e-001	4.04782e+000	
-3.52537e+000	-1.27914e+000	3.32852e-001	2.59746e+000	
-4.53205e+000	-3.95846e-001	3.92036e-001	1.11956e+000	
-2.05205e+000	-7.03204e-001	8.75716e-001	1.72065e-001	
-5.55796e-001	-1.63951e+000	5.34546e-001	6.43077e-001	
-1.56492e+000	2.63963e+000	6.36221e-001	1.83113e+000	
-1.44606e+000	-9.44941e-001	1.10073e+000	7.75098e-001	
3.71915e-001	7.48848e-001	1.58610e-001	1.39917e+000	
-6.16856e-001	1.57954e+000	3.52757e-002	1.31371e+000	
-2.48028e+000	1.07722e+000	1.96103e+000	4.91021e-001	
-5.98131e-001	2.19276e-001	1.96448e+000	4.01662e-001	
1.70534e+000	8.68158e-001	2.21363e+000	-8.43751e-001	
-5.40463e-001	3.86717e-001	7.27411e-001	-2.65652e-001	
-2.88220e+000	-1.32321e+000	5.79382e-001	-4.15113e-001	
-1.36030e+000	-2.48878e-001	3.28574e-001	5.87011e-001	
9.73563e-001	1.23381e+000	2.03032e-001	-2.50375e-001	
-5.67329e-001	-1.18856e-002	5.95522e-001	-1.89344e+000	
-1.09448e+000	8.84970e-001	5.34683e-001	-8.80215e-001	
1.15240e+000	5.56055e-001	6.41186e-001	2.74519e+000	
3.19250e+000	-2.00802e+000	1.29511e+000	2.47495e+000	
2.54173e+000	8.78327e-001	-3.55285e-001	1.77434e+000	
-7.73578e-001	-7.92278e-001	-1.40570e+000	-1.00388e+000	
-3.07270e+000	-3.25317e+000	-2.15302e+000	-2.06538e+000	
-1.41308e+000	-2.33150e-001	-2.48922e+000	-2.78617e+000	
-7.64041e-002	1.81030e+000	-8.52486e-001	-5.09085e-001	
1.52799e+000	4.74985e-002	9.33519e-001	1.82969e+000	
3.42331e+000	-8.36005e-003	6.91540e-001	-8.79639e-001	
3.55954e+000	1.74007e+000	-2.26380e+000	-1.79658e+000	
-2.33618e+000	2.05366e+000	-1.39149e+000	-7.48770e-001	
-2.47377e+000	-3.12085e+000	2.26426e+000	-3.76198e-001	
7.28327e+000	-2.87437e+000	-6.66381e-001	2.52712e+000	
3.93852e+000	-2.83898e+000	8.97787e-001	1.25656e-001	
-3.34056e+000	-7.82463e+000	1.15963e+000	-2.25837e+000	
-3.30687e-001	7.73525e-001	-4.49803e+000	2.23952e-001	
-9.41797e-002	-3.37601e+000	-2.65891e+000	-3.22043e+000	
-1.76208e+000	-5.63286e+000	-6.11888e-001	-3.43734e+000	
2.26343e+000	4.39091e+000	-2.93938e+000	2.23483e+000	
1.66110e+000	-1.57131e+000	-2.43983e+000	6.35560e+000	
-2.62384e+000	3.16378e+000	2.18866e+000	1.89584e+000	
4.44044e+000	-9.79241e-001	-7.36051e-001	-6.16699e+000	
4.20623e+000	-1.88938e+000	-4.82444e+000	-5.02534e+000	
-8.46909e+000	-5.23695e-001	-3.01897e-001	5.53292e+000	
-5.79925e+000	8.53788e-001	7.28510e+000	2.06043e+000	
1.88066e+001	-6.71057e+000	-1.66189e+000	2.18525e+000	
3.30295e+000	-2.86216e+000	1.11700e+000	-6.00945e+000	
-1.67029e+001	-2.65039e+000	3.66274e+000	-6.53999e+000	
8.13160e+000	-3.23989e+000	-8.52971e+000	2.61086e+000	
2.81487e+000	2.56263e+000	1.11231e+000	-1.70319e+000	
-2.70784e+000	-8.79212e+000	5.60050e+000	-4.34117e+000	
1.04755e+001	9.03504e+000	-2.64332e+000	-3.18758e-002	
1.22052e+000	-9.86116e+000	-4.14265e+000	1.11481e+000	
-9.60942e+000	7.81171e+000	5.74825e-002	-1.26533e+000	
3.28015e+000	-3.36638e+000	1.51735e+000	-3.00827e+000	
7.37160e+000	-5.50595e+000	3.28680e+000	-1.03095e+001	
5.56625e+000	-5.07018e-001	-4.43595e+000	4.36202e+000	
-9.04536e+000	6.53753e+000	3.46256e+000	3.72555e+000	
-1.95489e+000	-4.10691e+000	5.18359e+000	-1.65771e-001	
1.49439e+001	-3.61232e+000	-1.27271e+000	-3.86425e+000	
-5.93454e+000	7.04026e+000	5.61747e+000	-1.09391e+001	
-5.04428e+000	-1.66137e+001	-5.10354e-001	-2.45828e+000	
1.05550e+001	1.80348e+001	-7.83868e+000	8.46607e+000	
1.15335e+000	-9.09676e+000	4.76985e+000	7.56362e-001	
4.76419e+000	-3.94964e+000	2.60212e+000	-2.83128e+000	
8.53039e+000	1.09561e+001	-1.02724e+001	2.51048e-001	
-1.10012e+001	-6.02441e+000	-1.12976e+001	3.13016e+000	
-1.99069e+001	4.00600e+000	2.22479e-001	1.09823e+000	
7.63946e+000	-5.58635e+000	3.35771e+000	-7.83066e+000	
2.41396e+001	-4.76935e+000	-5.78311e+000	-2.87524e+000	
-1.23058e+001	-7.98377e-001	2.30426e+000	6.83512e+000	
-1.49738e+001	4.54629e+000	7.97379e+000	-4.65269e-001	
2.75643e+001	-9.26068e+000	-3.22564e+000	-6.65608e-001	
7.19331e+000	-9.91661e+000	5.98402e+000	-8.16417e+000	
-1.84598e+001	2.96842e+000	8.28943e+000	-7.87145e+000	
1.14199e+001	-6.12162e+000	-7.25374e+000	1.11244e-001	
1.06523e+001	-6.28603e-002	-8.24899e-001	-6.01205e+000	
-6.66591e+000	-2.18888e+000	5.16648e+000	-4.80123e+000	
9.16936e+000	4.18863e+000	-3.47590e+000	-1.79399e+000	
6.70510e+000	-1.54596e+000	-9.62566e+000	3.38411e+000	
-1.25528e+001	1.28009e+001	-8.68809e+000	1.93980e+000	
-1.25559e+001	3.12555e+000	7.27266e-001	-5.84031e-001	
9.06840e+000	4.07623e+000	1.91398e+000	-6.49574e+000	
1.01090e+001	6.30095e+000	5.15471e-002	2.91339e+000	
-6.58327e+000	8.94328e-001	8.83989e+000	2.83902e+000	
1.39162e+000	2.42190e+000	4.08475e+000	2.32996e+000	
1.40403e+001	1.28805e+000	-1.77309e+000	-3.78757e+000	
-2.94991e+000	6.80249e-001	5.73304e-001	-4.90413e+000	
-1.13088e+001	-6.45487e+000	-2.46729e+000	2.17329e+000	
6.30403e-001	1.16707e+001	-6.47083e+000	1.85707e+000	
1.13832e-001	-6.39223e+000	-4.62071e-001	-3.21798e+000	
2.87905e+000	1.48423e+000	3.26461e-002	-1.17236e+000	
3.48328e+000	1.91022e+000	-2.44232e+000	5.89007e+000	
-2.05191e+000	-2.37502e+000	-3.29908e-001	2.22503e+000	
2.24552e+000	-1.51396e+000	-6.85150e-001	2.16666e+000	
-4.22648e+000	-2.50437e+000	1.54246e+000	-1.83362e+000	
-2.78613e+000	-5.11562e+000	2.57535e+000	-5.33839e+000	
1.89571e+000	-4.17890e+000	-1.02094e+000	2.52885e+000	
-8.42105e+000	7.24499e+000	5.46529e+000	5.64202e+000	
-2.96673e+000	-8.23150e+000	9.77193e+000	-1.07032e+000	
1.26936e+001	8.19079e+000	3.75144e+000	-5.10231e+000	
7.10595e-001	4.97580e+000	2.51106e+000	-7.00696e+000	
-8.70600e+000	-1.12485e+000	-1.13144e+000	1.05629e+000	
2.00223e+000	1.26246e+001	-3.66353e+000	4.34746e+000	
3.58762e+000	-3.84863e+000	1.04208e+000	-1.75969e+000	
8.25033e+000	3.36078e+000	-3.21627e+000	2.77805e+000	
-6.40280e+000	9.84173e+000	-4.74139e+000	5.55901e+000	
-8.86978e+000	7.95357e-001	-3.25876e+000	-9.97598e-002	
-2.17417e+000	5.03207e+000	-4.44001e-001	-1.61902e+000	
5.26190e+000	5.27475e+000	2.59949e+000	-2.58396e+000	
2.09097e+000	-4.75561e-001	-2.54910e+000	3.35918e+000	
-5.58717e+000	2.23914e+000	-1.19725e+000	6.77732e+000	
-4.45064e+000	4.15704e+000	1.80292e+000	2.08148e+000	
8.72065e-001	-2.76563e+000	3.46498e-001	2.40115e+000	
-3.04772e-001	-1.71489e+000	3.58975e+000	-3.83787e+000	
-2.64664e+000	1.47163e+000	6.04003e+000	7.02458e-001	
3.83892e+000	3.68148e-001	3.46876e+000	4.54232e+000	
1.46625e+000	-6.31278e+000	3.41565e+000	1.10314e+000	
2.25895e+000	-1.57429e+000	-2.25208e+000	3.47759e-001	
-2.03427e+000	-3.36326e+000	-5.60887e+000	3.40227e+000	
-1.04814e+001	4.46241e-001	-6.22127e+000	4.23821e+000	
-7.95360e+000	3.37733e+000	-6.32970e+000	5.74983e+000	
1.24822e-001	-8.38912e-001	7.96654e-001	-2.53337e+000	
1.37697e+000	4.81745e+000	-7.20674e-002	-6.60336e-002	
-6.99629e-001	3.98594e+000	6.20482e-001	7.00317e+000	
-7.24489e+000	2.27263e+000	7.23791e+000	1.04822e+000	
7.57310e+000	-5.01705e+000	2.12340e+000	-2.77037e-001	
4.79608e+000	1.53440e+000	1.04932e-001	-3.26554e+000	
-9.91934e+000	-6.63315e+000	1.44713e+000	-3.20399e+000	
-3.76825e+000	9.58731e-001	-3.52378e+000	3.71416e+000	
2.49573e+000	7.67749e+000	2.85657e-001	4.06901e+000	
1.85853e+000	-2.81850e+000	4.02446e+000	-2.56715e-001	
1.40682e+000	1.03187e+001	6.66145e-001	1.65861e+000	
-4.92351e+000	5.25889e+000	9.64686e-001	2.13625e+000	
-5.11552e+000	4.13101e+000	2.28577e+000	-6.78435e-001	
4.43297e+000	4.26854e-001	1.55347e-002	9.92211e-003	
-1.77199e+000	-5.33723e-001	-1.71487e+000	6.35727e-001	
-5.82952e+000	-4.46741e+000	-1.90299e-001	3.58820e+000	
-4.42336e+000	-2.22548e+000	-1.63803e+000	5.29035e+000	
2.03386e-001	-2.81742e+000	-3.82888e-001	3.09182e+000	
-2.97365e+000	-7.18632e+000	2.92728e+000	6.80059e-002	
-2.24459e+000	2.66310e+000	4.55063e+000	3.82494e-001	
-2.34349e-001	-1.79726e-001	2.74393e+000	1.86658e+000	
7.63785e-001	3.48083e-001	2.19665e+000	1.14234e+000	
-5.86328e-001	3.52145e+000	1.22391e+000	6.88334e-001	
-1.60577e+000	-8.34646e-002	5.30807e-001	-4.69449e-001	
-1.04374e+000	-5.07013e-001	-1.31397e+000	2.47878e-001	
-9.03571e-001	3.55710e+000	-8.43117e-001	4.87131e-001	
-8.48345e-001	-2.46776e+000	1.08526e+000	-9.64818e-001	
1.03747e+000	-1.75556e+000	-1.84069e+000	-2.76749e-001	
1.15187e-001	1.39042e+000	-2.78198e+000	8.98473e-001	
-3.78033e+000	-1.73089e+000	-5.84584e-001	2.60561e-001	
-9.22822e-002	9.99742e-002	-3.90202e-001	2.08364e+000	
1.46218e+000	2.60771e-001	1.15690e-001	1.88215e+000	
-5.60005e-001	-2.56090e+000	2.41504e+000	9.10580e-001	
-1.57903e+000	6.41477e-001	1.11837e+000	4.99959e-001	
1.48160e-001	5.82636e-001	2.07897e+000	-1.04711e+000	
1.00368e+000	-1.76817e+000	1.35386e+000	-1.67868e+000	
7.21992e-001	7.49398e-001	6.40935e-002	-4.45523e-001	
-1.07712e+000	1.56938e+000	-3.49919e-001	7.98304e-001	
-9.61918e-001	6.76457e-001	-1.30404e+000	2.26567e+000	
5.15201e-001	3.19280e+000	-2.28519e+000	2.57858e+000	
-1.67945e+000	3.10536e+000	-2.02059e+000	1.33504e+000	
-3.02874e+000	2.62663e+000	-3.04117e-001	6.00993e-001	
-3.98263e-001	1.42851e+000	7.41638e-002	-3.32382e-001	
2.65598e+000	-6.77164e-001	1.01697e+000	-1.05764e+000	
9.58635e-001	-2.45854e+000	6.93043e-001	-2.27754e+000	
6.74365e-001	-2.46301e+000	1.90462e-001	-1.58025e+000	
5.68527e-001	-2.74515e+000	-1.98472e+000	1.32596e+000	
-2.10877e+000	1.58240e+000	-7.10266e-001	8.32607e-001	
-1.83739e+000	-1.23805e+000	1.43636e+000	-1.10621e+000	
2.12597e+000	-2.13755e-001	7.22014e-001	-7.26429e-001	
2.78150e-001	1.15431e-001	1.68662e+000	-7.91287e-001	
-7.87828e-001	-1.75881e+000	2.16230e+000	-3.70432e-001	
2.69587e+000	-5.29654e-001	-2.79424e-001	2.78410e+000	
2.34389e+000	-3.93635e+000	1.93220e-001	-4.77485e+000	
1.92936e+000	-5.90021e+000	-1.34073e+000	-4.43615e+000	
-1.74322e+000	3.36662e+000	-4.24999e+000	8.64941e+000	
-9.50318e+000	3.20894e+000	6.39195e+000	5.91789e+000	
5.45254e+000	-8.11693e+000	3.22112e+000	-1.83016e+000	
7.35125e+000	3.54057e+000	-4.69353e+000	-7.14821e+000	
-1.54784e+001	-6.30139e+000	-1.46793e+000	-9.23245e+000	
-7.17312e+000	5.53217e-001	-2.58070e+000	1.94686e+000	
1.43651e+001	4.33465e+000	2.82478e-001	1.02331e+001	
1.22009e+001	-4.83646e+000	1.22375e+001	2.18208e+000	
1.61578e+000	3.62761e+000	5.76010e+000	-2.71886e+000	
-1.64512e+000	-6.50996e-001	-3.64781e+000	-8.57796e+000	
-8.83952e+000	-3.19256e+000	-2.31375e+000	-8.19919e+000	
-6.12517e-001	3.50043e+000	-6.05834e-001	-7.89912e+000	
3.56442e+000	-4.08399e+000	2.61645e+000	-4.74617e+000	
1.05216e+001	-1.72248e+000	-2.50896e+000	8.51911e+000	
-5.17942e-001	9.69396e+000	-1.35564e+000	9.88314e+000	
-7.02752e+000	-4.19910e+000	2.37102e+000	-1.62320e+000	
5.76748e+000	-4.76541e+000	1.87700e+000	-1.01726e+001	
-1.35637e+000	-6.81672e+000	3.36805e+000	-9.92873e+000	
3.74364e-002	-6.55085e+000	-1.34681e+000	-2.41792e+000	
9.30382e+000	-4.42755e+000	-4.92295e+000	7.25208e+000	
4.52985e+000	1.40235e+000	2.70957e+000	3.31478e+000	
5.65988e+000	-4.47582e+000	-1.42586e+000	-1.07686e-001	
2.57768e+000	-1.22599e+000	-1.15623e+001	-1.85049e+000	
-1.41294e+001	6.95079e+000	-1.26503e+001	-1.92918e+000	
-1.45398e+001	1.88691e+000	-4.46935e+000	-5.83880e+000	
7.96280e+000	1.70184e+000	-2.79799e+000	-7.42422e+000	
1.76211e+001	2.70784e+000	-4.88281e+000	5.09160e+000	
-9.85869e+000	1.14173e+001	8.46090e+000	1.18290e+001	
-3.46865e+000	-4.44802e+000	1.26746e+001	2.69085e+000	
2.41631e+001	-5.22828e+000	5.82590e+000	-1.09993e+001	
1.13830e-001	-1.40994e+001	8.30391e+000	-1.81507e+001	
-1.33024e+001	-7.98230e+000	3.06205e+000	-1.48027e+001	
1.16173e+001	-1.43160e-002	-1.17072e+001	2.68595e+000	
1.44862e+001	-2.76128e+000	-1.26141e+000	1.06405e+001	
-2.98260e-001	6.03400e+000	1.10694e+001	4.67723e+000	
1.17030e+001	-3.58415e-001	-1.14111e+000	-3.12040e+000	
2.51187e+000	2.88735e+000	-1.62010e+001	-7.77113e+000	
-2.95176e+001	1.18515e+000	-1.09669e+001	-7.82576e+000	
-8.27777e+000	-5.63275e-001	-3.39824e+000	-5.47070e+000	
1.94466e+001	-3.14416e+000	-7.10823e-001	7.90686e+000	
1.02366e+001	3.10658e+000	1.19107e+000	1.58986e+001	
-1.09955e+001	2.92097e+000	3.29148e+000	6.01661e+000	
-2.23537e+000	-5.68016e+000	4.54869e+000	-8.40688e+000	
9.07912e+000	-4.11165e+000	6.13865e+000	-1.06923e+001	
-3.70719e+000	-4.22784e+000	5.77265e+000	-8.33770e+000	
-3.18709e+000	-7.17428e-001	-3.88744e+000	-1.20753e+000	
7.37730e+000	-4.57523e-001	-6.24998e+000	7.47721e+000	
3.00619e+000	4.10634e+000	-3.11585e+000	1.06665e+001	
-4.17872e+000	-2.48972e+000	1.68245e-001	1.45697e+000	
-3.35168e-001	1.60504e+000	-3.87144e+000	-7.52611e+000	
-2.84896e+000	4.23541e+000	-3.94939e+000	-6.20763e+000	
-9.50196e+000	-2.27754e+000	3.35494e+000	-4.44278e+000	
6.00683e+000	3.34357e+000	5.22082e+000	-4.49414e-001	
1.80199e+001	-3.36678e+000	2.82490e+000	4.77336e+000	
1.32174e+000	1.10204e+000	1.98625e+000	5.42771e+000	
-1.24445e+001	-4.51151e-001	-1.49443e+000	8.20789e-001	
-3.68657e+000	2.45580e+000	-1.83411e-001	-6.19077e+000	
-1.73332e+000	-6.67840e-002	4.05080e+000	-6.81369e+000	
-7.39999e+000	6.84883e+000	4.37169e+000	-6.47879e-001	
4.14721e+000	2.30897e+000	6.17756e+000	-1.55113e+000	
1.17895e+001	4.24544e+000	6.03505e+000	-6.71660e-001	
8.60543e+000	3.79708e+000	9.66882e-001	5.39211e+000	
-3.42645e+000	-4.11019e-001	1.32792e+000	2.71925e+000	
-2.04784e+000	2.93765e+000	-6.51641e-001	-2.12116e+000	
5.70682e+000	-8.22397e-002	-4.05382e+000	-1.61253e+000	
-4.47438e+000	3.44485e+000	-2.39115e+000	-1.02353e-001	
-6.54691e+000	-1.44616e+000	-3.15061e+000	7.92684e-001	
1.37819e+000	1.95402e+000	-5.93557e+000	1.72995e+000	
8.41126e-001	-4.40168e-001	-5.17184e+000	3.40501e+000	
-5.62747e+000	2.63775e+000	6.77859e-001	1.15127e+000	
2.72857e-001	1.33538e+000	2.53086e-001	1.28286e+000	
5.24114e+000	1.80868e+000	-1.96638e+000	1.43852e+000	
-1.68379e+000	-1.38041e+000	7.71946e-001	-1.54133e+000	
-1.04627e-002	-6.99666e-001	9.77780e-001	-3.18771e+000	
4.16688e+000	-2.20446e+000	-3.58822e+000	1.50915e+000	
-1.65774e+000	-1.16836e+000	-3.33010e+000	7.53630e+000	
-8.49786e+000	1.64789e+000	3.34638e+000	5.63453e+000	
2.71351e+000	-7.84810e-001	6.05160e+000	-3.25357e+000	
7.64787e+000	1.09391e+000	4.23050e-001	-3.87650e+000	
-4.86775e+000	1.52573e+000	2.12324e+000	-7.01763e+000	
-3.59009e+000	-3.16520e-001	-1.97135e+000	-3.69279e-001	
6.43453e+000	5.16942e+000	-5.29434e+000	1.14044e+001	
-5.36803e-001	-7.18647e-001	1.72855e+000	8.49922e+000	
-1.16030e+000	-3.32925e-001	-3.14060e-001	2.50562e-002	
-4.17207e+000	4.78288e+000	-5.60613e+000	-2.10648e-002	
-1.32348e+001	1.26352e+000	1.53954e+000	-3.09114e+000	
-6.75764e+000	3.89728e+000	3.83792e+000	-1.02204e+000	
1.13561e+001	-1.25717e+000	9.54325e-001	5.89641e+000	
-1.72829e+000	2.67015e+000	7.58569e+000	3.07755e+000	
-4.40572e+000	-3.80754e+000	3.41232e+000	1.21080e+000	
1.74930e+000	6.74037e+000	2.58051e-001	-1.15218e+000	
-6.54704e+000	-4.50279e+000	5.07596e+000	-2.26990e+000	
-1.31349e+000	2.66066e+000	6.79850e+000	-2.11093e+000	
3.83580e+000	2.24321e+000	3.85848e+000	-5.39062e-001	
4.21505e+000	-3.05779e+000	1.47360e+000	-2.84050e+000	
1.17221e-001	-1.62309e+000	-5.99007e+000	3.96942e+000	
-4.53843e+000	-3.26753e+000	-5.07113e+000	6.61749e+000	
-4.52215e+000	-1.85819e+000	-4.55599e+000	4.88924e+000	
1.56747e+000	-2.17273e+000	-7.17485e+000	7.63964e+000	
-1.02255e+001	4.97459e+000	-2.11883e+000	3.72786e+000	
-1.02738e+001	-2.01954e-001	1.83988e+000	-2.12246e+000	
2.63359e+000	5.36831e+000	-1.35468e+000	-1.25653e+000	
1.43436e+000	2.14951e-001	1.99949e+000	1.37698e+000	
-3.36295e+000	6.67379e-001	3.93339e+000	1.36660e+000	
4.90870e+000	2.04919e-001	-1.58507e+000	4.88146e+000	
3.03767e+000	2.21989e+000	-2.17677e+000	3.53170e+000	
-7.18234e+000	-3.77393e-001	-2.92161e+000	1.72433e+000	
-9.70142e+000	4.98056e+000	-2.38923e+000	7.55787e-001	
-2.79984e+000	2.70351e+000	1.82456e+000	-4.62818e-001	
2.92871e+000	2.38150e+000	4.51502e+000	-5.42665e-001	
3.23483e+000	9.39079e-001	2.74046e+000	1.49646e+000	
3.62277e-001	-1.61496e+000	3.47868e+000	5.28208e-001	
9.73695e-001	-3.18280e+000	4.74228e-001	1.99702e+000	
1.25932e+000	-1.97818e+000	-1.90279e+000	4.01856e+000	
-3.94628e+000	-5.39626e+000	-2.07455e+000	2.66750e+000	
-6.64121e+000	-1.03631e+000	-4.30547e+000	2.03896e+000	
-6.33890e+000	4.11270e-001	-3.48130e+000	6.87902e-001	
-3.29510e+000	-2.68888e+000	1.32019e+000	7.13125e-001	
2.09626e+000	-4.54809e-001	2.52083e+000	3.23292e+000	
1.51645e+000	-1.73413e+000	3.76370e+000	3.99882e+000	
-1.65353e+000	-1.99539e+000	3.44929e+000	1.35421e+000	
-2.00035e+000	-3.03393e+000	-2.14597e-001	4.45911e-001	
-4.13882e+000	2.54270e-001	-1.43594e+000	-8.04834e-001	
-5.32095e+000	-1.09691e+000	1.96059e+000	-9.78653e-001	
8.94587e-001	-1.61551e-001	2.60899e+000	-8.53550e-001	
4.91548e+000	1.09988e+000	1.29728e+000	1.06581e+000	
-4.09662e-001	-6.39196e-001	2.32893e+000	8.69936e-001	
-1.33466e+000	-2.21070e-001	1.30335e+000	-8.86411e-001	
2.20481e+000	-1.64628e+000	-2.96355e+000	-1.25884e+000	
-3.02332e-001	3.80630e-001	-2.68253e+000	7.49733e-001	
-5.40997e+000	6.43242e-002	8.42436e-001	1.97583e+000	
1.73057e+000	-2.09911e+000	8.79547e-001	2.87188e+000	
5.45118e+000	8.15432e-001	4.22354e-001	5.22011e-001	
-9.95299e-001	-4.12100e+000	1.29618e+000	-5.69828e+000	
-3.25738e+000	-1.12077e+000	-1.94776e+000	-5.56856e+000	
-1.62409e+000	2.02588e+000	-1.99453e+000	3.89701e-001	
-7.84438e-001	-3.04453e-002	4.58137e+000	3.77326e+000	
5.63898e+000	-2.19185e+000	5.11168e+000	1.54518e+000	
6.31146e+000	6.28062e-001	1.20209e+000	-1.68993e+000	
-6.16264e+000	9.48299e-002	-1.26129e+000	-6.34671e+000	
-7.67110e+000	-4.45927e+000	-4.13672e-001	-5.94575e+000	
7.14188e+000	-7.57406e+000	-1.62936e+000	2.67212e+000	
9.31386e+000	-1.64641e+000	5.32000e+000	1.49978e+000	
3.05409e+000	-9.74604e+000	2.43185e+000	-2.26356e+000	
4.49321e+000	3.37679e+000	-4.19138e+000	4.43893e-001	
-4.68755e+000	-1.64831e+000	-1.56590e+000	-2.67749e+000	
-3.65333e+000	-1.17351e-001	-1.14099e+000	-7.19217e+000	
6.28948e+000	6.56439e+000	-6.61489e+000	-3.81438e+000	
-7.91358e-001	1.26894e+000	-1.71695e-001	-1.22958e+000	
-3.57395e+000	6.40414e+000	2.68790e+000	4.51076e+000	
9.31929e+000	-1.06491e+000	4.64373e+000	-7.10719e-001	
1.21442e+001	-2.62936e+000	1.71391e+000	-5.71572e+000	
-6.45573e+000	-5.62945e+000	-2.30701e+000	-5.97890e+000	
-4.86110e+000	-5.40683e+000	-3.26554e+000	-7.34033e+000	
8.85225e+000	-5.29444e+000	-6.68193e+000	3.99305e+000	
3.60282e+000	4.13251e+000	3.65843e+000	1.02343e+000	
5.81633e+000	-9.42851e+000	-6.06402e-001	-3.35446e+000	
1.00870e+001	9.34322e+000	-1.07325e+001	9.74141e-001	
-1.27152e+001	-2.67925e+000	-5.05058e+000	-2.88835e+000	
-5.85991e+000	4.75129e+000	-6.99358e+000	-8.89438e-001	
6.31648e+000	3.72266e+000	-5.82991e+000	1.46288e+000	
-3.44002e+000	-4.01620e+000	4.83383e+000	-1.74887e+000	
1.78186e+000	4.28490e+000	-3.20001e+000	4.63154e+000	
1.69353e+000	-8.56853e+000	5.77071e+000	-1.59855e+000	
3.37350e+000	-8.87142e+000	7.45628e+000	-7.74360e+000	
7.27350e+000	-4.57614e+000	5.46375e-001	4.06564e-001	
-1.15433e+000	-1.58445e+000	6.68082e+000	-6.31572e+000	
5.44833e+000	-1.57157e+000	8.04356e-001	-1.24356e+000	
9.81198e+000	3.67222e+000	-3.40792e+000	3.34491e+000	
-6.16223e+000	1.49523e+000	-1.38697e+000	-1.50097e+000	
-3.08234e+000	1.47272e+000	-1.21244e+001	-7.44589e-001	
-5.76099e+000	3.30345e+000	-6.30379e+000	-7.22249e-001	
-5.25677e+000	5.24399e+000	2.18200e+000	1.75921e+000	
5.77792e+000	-8.66424e-001	5.82105e-001	-6.19192e+000	
9.92894e+000	-3.55292e+000	7.14544e-001	-1.74354e+000	
-4.47276e+000	2.02683e+000	4.75161e+000	1.78054e+000	
-2.12560e+000	-7.46777e+000	4.76444e+000	5.20128e+000	
8.00052e+000	-2.89618e+000	1.28252e+000	-2.47009e+000	
-2.46428e-001	-1.59950e+000	9.25896e-001	-6.05211e+000	
-9.18784e+000	-4.06378e+000	-1.04927e-001	-6.59447e+000	
-3.02739e+000	7.55398e+000	-2.83650e+000	-6.80317e+000	
9.33490e+000	-5.28752e+000	-4.14917e+000	6.72328e+000	
2.49681e+000	1.32638e+001	7.15222e+000	5.39960e+000	
3.81721e+000	-1.03921e+001	2.31955e+000	-2.39010e+000	
8.49009e+000	9.51595e+000	-1.15697e+001	-2.17679e+000	
-1.30099e+001	-3.96779e+000	-3.29603e+000	6.98280e-001	
-1.30787e+001	1.63338e+000	4.26517e+000	-7.76868e+000	
1.70913e+001	2.01178e+000	-3.75585e+000	-5.01588e-001	
9.11725e+000	-2.87096e+000	2.56801e+000	-8.62342e-001	
-1.89108e+001	1.24659e+001	4.15466e+000	7.40255e+000	
-1.75163e+000	-3.23784e+000	5.64226e+000	-1.14901e+000	
1.80916e+001	4.56257e+000	6.63874e+000	-1.33430e+001	
4.56716e-001	-5.37470e+000	3.42721e+000	-5.58788e+000	
-1.58502e+001	4.50969e+000	8.01128e+000	-1.07678e+001	
1.85893e+001	-7.28311e+000	-9.48938e+000	5.47109e+000	
1.89799e+001	9.77924e+000	-6.20074e+000	1.07766e+001	
-1.04062e+001	-1.24675e+001	1.24508e+001	-5.10620e+000	
9.89624e+000	7.48538e+000	-9.10269e+000	-4.71417e+000	
4.48616e+000	-3.85242e+000	-1.45457e+001	-4.11796e-001	
-3.13599e+001	9.66470e-001	1.44613e+000	-3.38992e+000	
3.75194e+000	6.72600e+000	-5.06769e+000	-3.86511e+000	
1.92610e+001	-9.29768e+000	-2.73234e+000	5.03130e-001	
-7.74057e+000	1.03971e+001	2.40794e-001	1.48546e+001	
-1.21493e+001	6.46639e-001	4.05878e+000	7.70983e+000	
1.24151e+001	8.92851e-001	-5.41429e-001	-7.23224e+000	
2.70238e+000	-6.69155e-001	-2.81930e-001	3.15763e-001	
-2.12448e+001	-4.10161e+000	1.49886e+001	-9.49779e+000	
1.28750e+001	1.68436e+000	-2.44373e+000	1.85794e+000	
1.91355e+001	2.43100e+000	-7.06533e+000	5.17346e+000	
-1.48019e+001	-3.44690e+000	9.00458e+000	-3.82394e-001	
-5.32870e-001	1.01202e+001	-2.25280e+000	-3.64589e+000	
1.33532e+001	4.05347e+000	-1.15753e+001	-2.35104e+000	
-1.81533e+001	5.51217e+000	-3.78634e+000	2.33034e-001	
-1.52282e+001	1.25498e+001	-4.90661e-001	2.89177e+000	
1.06012e+001	-4.74575e+000	6.12208e+000	-4.00679e+000	
1.81475e+001	-2.24214e+000	3.94138e+000	3.91393e+000	
-3.57897e+000	3.19309e+000	4.76540e+000	5.86211e+000	
-1.33159e+001	-9.56707e+000	6.53182e+000	-8.65656e-001	
1.04896e+001	-3.64349e+000	-1.24667e+000	1.27955e+000	
-7.36957e-002	7.39241e-001	2.91635e+000	-2.87380e+000	
-1.73630e+001	1.92285e+000	5.37669e+000	1.97578e-001	
3.32966e-001	7.33191e+000	8.51807e-001	-4.71561e+000	
5.39962e+000	9.72217e+000	2.33279e+000	1.90636e+000	
-1.23384e+000	4.49614e+000	5.80795e+000	5.19128e-001	
3.39386e+000	3.39049e+000	1.14552e+000	5.56924e+000	
3.44840e+000	-5.66521e-001	-8.32116e+000	5.57270e+000	
-8.58619e+000	-2.45876e-001	-6.22599e+000	7.55720e+000	
-1.04683e+001	-2.95298e+000	-6.60351e-001	-3.42465e+000	
3.26860e-001	-3.71982e+000	-2.04711e+000	2.02714e+000	
1.29433e+000	-2.66596e+000	3.40472e+000	1.74465e+000	
-8.17342e+000	-3.02416e+000	5.46719e+000	2.46904e+000	
-1.36519e+000	2.61443e+000	2.35031e+000	-1.82800e+000	
3.19168e+000	3.62060e-001	-1.68372e+000	-2.32971e+000	
-1.50142e+000	-8.56117e-001	-3.92858e+000	3.81909e+000	
-4.66625e+000	2.69755e+000	5.16154e-001	3.07467e+000	
5.92352e+000	-1.62160e+000	-9.73241e-001	6.82517e+000	
2.72097e+000	-8.12830e-002	-9.61928e-001	2.10137e+000	
-7.19863e+000	-3.35470e+000	2.30092e+000	-4.64456e+000	
-5.30331e+000	4.31107e+000	-2.69647e+000	-3.07240e+000	
-3.03797e+000	-1.78077e+000	7.44888e-001	7.32878e-003	
1.24969e+000	7.31347e+000	3.53385e+000	-1.04515e-001	
5.31807e+000	4.31866e+000	8.83674e-001	4.79830e+000	
1.22241e+000	1.32223e+000	3.64813e-001	3.70797e+000	
-3.60095e+000	6.91161e+000	-3.35385e+000	6.60682e+000	
-5.91012e+000	-3.90945e-001	-1.33077e-001	1.49127e+000	
-1.61038e+000	-1.45727e+000	6.97706e-001	-6.01233e-002	
-1.95410e-001	-1.40982e+000	-5.64334e-001	2.09719e+000	
-5.90740e+000	-8.37271e-001	3.31118e+000	-1.35872e+000	
-1.50903e-001	-5.06544e+000	4.46327e+000	3.50354e-001	
4.50013e+000	3.31877e+000	1.88911e+000	3.67496e+000	
3.80457e-001	-1.01678e+000	1.83103e+000	1.69666e+000	
-6.32452e+000	3.86773e+000	-1.52783e+000	2.87116e+000	
-5.70441e+000	3.49990e+000	-1.31759e+000	1.67259e+000	
-2.87311e+000	4.08023e-001	-2.50499e+000	1.59548e+000	
-1.84363e+000	1.18381e+000	4.18523e-002	9.19373e-001	
-1.52001e+000	-1.59801e+000	2.23594e+000	-3.39444e-001	
1.27275e+000	-2.75965e+000	2.10626e+000	2.53644e-001	
1.27316e+000	-2.42043e+000	1.54849e+000	-1.24543e+000	
-1.17685e+000	-4.01958e+000	-1.28227e+000	-9.21002e-001	
-3.80978e+000	-1.90441e+000	-2.65123e+000	3.19501e+000	
-3.21193e+000	-1.18218e+000	-1.43320e+000	3.05838e+000	
3.50334e-001	2.85794e+000	-2.03497e+000	1.56060e+000	
1.07627e+000	2.78974e+000	-4.69835e-001	6.95109e-001	
-1.95870e+000	2.09530e+000	1.60436e+000	-1.99879e+000	
-2.00008e+000	5.96473e+000	4.58484e-001	-1.09511e+000	
8.65955e-001	1.75188e+000	1.73211e+000	-3.09388e+000	
1.25959e+000	-9.24855e-001	5.17116e-001	1.37093e+000	
-1.10182e+000	4.28355e+000	-3.61952e-001	2.89307e+000	
-2.03319e+000	-2.70040e+000	-1.30597e-001	1.42368e+000	
5.76258e-001	4.14938e-001	-4.66249e-001	1.96920e+000	
5.60518e-001	8.80923e-001	4.27857e-001	1.45836e-001	
-1.36709e+000	-1.21079e+000	2.76086e+000	-7.85377e-001	
3.99861e-001	3.82535e-001	2.66043e+000	-1.91664e+000	
1.44983e+000	3.68977e-001	7.65164e-001	-1.24716e+000	
-8.15919e-001	-1.74009e+000	2.32508e-001	-1.77467e+000	
-1.37686e+000	-7.34772e-001	7.26398e-001	-1.05677e+000	
2.10819e+000	-2.12432e+000	-3.54228e-001	-2.72568e-001	
2.59641e+000	-4.72175e+000	5.05411e-002	1.03050e+000	
-1.25813e+000	-2.33366e+000	5.56847e-001	-9.86436e-001	
-2.54028e-001	-3.76537e+000	-1.84540e-001	5.47471e-002	
8.94314e-001	-3.76063e+000	-1.60399e+000	7.74668e-001	
3.37308e-001	-4.87205e-001	-1.81410e+000	-6.19336e+000	
1.34180e-001	-2.08128e-002	-6.89689e+000	-1.66989e+000	
-4.64413e+000	8.65733e+000	-1.10127e+000	7.69139e+000	
-5.51648e+000	2.47425e+000	1.04411e+001	1.11596e+000	
1.55413e+001	-1.03652e-001	-4.76873e-001	-3.35634e+000	
-2.49318e+000	5.75675e+000	-3.16016e+000	-1.16799e+001	
-1.68620e+001	-1.34118e+001	-1.98420e+000	-7.43315e+000	
8.06755e+000	5.64531e+000	-1.14218e+001	1.73953e+001	
1.33934e+001	-7.14671e+000	3.55674e+000	1.05556e+001	
2.75014e+000	-1.04045e+001	9.33194e+000	-4.36567e+000	
2.14266e+000	9.18799e+000	-4.70446e+000	-5.07435e+000	
-9.63467e+000	-1.37876e+001	-7.60765e+000	-9.45311e+000	
-1.80305e+001	1.09113e+001	-1.46686e+000	-6.15161e-001	
7.52914e+000	2.00433e+000	2.35085e+000	-3.50710e+000	
1.90995e+001	-6.06493e+000	-4.12029e-002	-2.53798e+000	
3.57254e-001	4.60203e+000	-5.45743e+000	1.51189e+001	
-1.91448e+001	1.18415e+001	1.08402e+001	-3.74606e+000	
1.62055e+001	-1.57409e+001	3.85087e+000	-7.06173e+000	
1.62100e+001	9.63221e-001	-8.59846e-001	-4.23883e+000	
-2.46707e+001	-9.40397e+000	1.28595e+001	-1.11290e+001	
1.05112e+001	-1.39677e+001	-1.04355e+001	4.27699e+000	
2.19899e+001	9.64787e+000	-9.31916e+000	7.60520e+000	
-1.76284e+001	-1.21913e+001	1.38000e+001	-3.63984e+000	
3.20267e+000	5.92663e+000	1.68644e+000	-3.92954e+000	
1.47012e+001	3.37110e+000	-1.38334e+001	-3.30128e+000	
-2.01516e+001	-7.12265e-001	-1.49220e+001	-1.93586e-001	
-1.40435e+001	4.78343e+000	-7.46942e+000	1.06506e+001	
1.19285e+001	-4.29657e+000	3.47328e+000	-6.86183e+000	
2.40025e+001	-4.19488e+000	-3.31633e+000	2.77430e+000	
-4.82691e+000	3.36758e+000	5.54347e+000	8.97211e+000	
-2.69678e+001	3.04138e+000	1.65096e+001	-3.05352e+000	
1.85946e+001	-1.39850e+001	-2.56584e+000	-1.03187e+001	
1.13211e+001	6.60548e+000	4.19107e+000	-1.72094e+001	
-2.76127e+001	-1.64888e+001	9.87053e+000	-7.95302e+000	
1.26982e+001	3.91396e+000	-1.30370e+001	6.28325e+000	
1.67288e+001	9.49819e+000	-3.73641e+000	4.33493e+000	
-6.72643e+000	-1.36155e+001	1.65716e+001	-5.36448e+000	
1.63798e+001	1.42470e+001	1.18276e+000	4.92672e+000	
1.06092e+001	-2.66989e+000	-1.15374e+001	-9.31417e+000	
-2.16786e+001	3.51292e+000	-1.19559e+001	-3.25314e+000	
-1.08728e+001	-4.91644e+000	2.33485e+000	-2.14652e+000	
2.42989e+001	-1.07164e+001	-1.97414e+000	-5.24471e+000	
1.03459e+001	-6.43390e-001	-1.23476e+001	1.38582e+001	
-3.54971e+001	8.22822e+000	9.82610e+000	3.29994e+000	
-5.09532e-001	-6.64547e+000	7.93153e+000	-6.12432e+000	
3.06337e+001	3.74313e+000	-2.31889e+000	-1.07549e+001	
-1.52077e+001	-6.24680e-001	1.62721e+001	-1.51839e+001	
-5.38731e+000	-7.94310e+000	2.16516e+000	5.41358e+000	
3.20545e+001	1.10576e+001	-8.00745e+000	8.25449e+000	
5.04561e+000	-1.29157e+001	5.73054e+000	-7.77156e+000	
-8.15009e+000	9.46701e+000	-3.42904e+000	-1.84501e+000	
2.90306e+000	-4.09916e+000	-1.23678e+001	-2.99803e+000	
-9.59667e+000	6.82851e+000	-1.30838e+001	-6.99731e+000	
-9.67768e+000	4.56976e+000	-7.64973e+000	1.56089e+000	
2.09110e+000	8.45340e-002	4.23328e+000	-2.69508e+000	
2.09384e+001	-4.03110e+000	-5.75888e+000	2.78987e+000	
4.11152e+000	6.43343e+000	-3.41939e+000	1.37553e+001	
-2.48772e+001	1.09427e+001	1.06743e+001	1.36920e+000	
2.54118e+000	-1.87778e+001	1.22704e+000	-4.65565e+000	
1.25113e+001	1.01137e+001	1.29642e+001	-1.70217e+001	
-6.97827e+000	-1.79076e+001	1.48966e+001	-1.06387e+001	
8.48290e+000	5.77587e+000	-6.55310e+000	9.48621e+000	
7.57608e+000	-4.80288e-001	-2.72587e+000	1.19077e+000	
-3.01274e+000	-8.08383e+000	8.89061e+000	-1.04008e+001	
8.61804e+000	1.44228e+001	-9.27943e+000	2.24204e+000	
-8.87318e+000	4.35121e+000	-1.47671e+001	2.97839e+000	
-2.28302e+001	8.02947e+000	-3.95673e+000	-5.25379e+000	
7.39996e+000	7.24907e+000	2.18695e+000	1.22608e+000	
2.14802e+001	4.14445e+000	4.03117e+000	4.41477e+000	
3.22560e+000	-1.42662e+001	6.53580e+000	2.94865e-001	
-8.15850e+000	3.03419e+000	2.66713e-001	9.98643e-001	
-8.06474e+000	-6.67259e+000	-4.46944e-001	-2.63944e+000	
2.23192e-001	-1.47385e+001	1.32292e+000	-4.61342e+000	
-3.76866e+000	1.36606e+001	4.46602e+000	-5.31144e+000	
-1.28961e+000	2.45852e+000	2.69602e+000	2.17473e+000	
6.61581e+000	-2.08731e+000	5.46870e+000	3.93454e+000	
8.52048e+000	9.77545e+000	7.13923e+000	-7.87827e-001	
8.45875e+000	-6.52671e+000	-1.86446e+000	-5.28939e+000	
-1.38432e+000	-3.35443e+000	-1.00048e+001	1.00268e+000	
-1.43594e+001	1.41911e+001	-1.22788e+001	-1.02497e-001	
-9.60156e+000	-4.83604e+000	-7.57248e+000	-8.13626e-001	
4.43012e+000	4.67226e+000	-2.36939e+000	4.98230e-001	
3.92671e+000	7.96127e+000	-1.02154e+000	6.31064e+000	
-7.15575e+000	5.51841e+000	2.15115e-001	8.86488e+000	
-8.19486e+000	1.58499e+000	4.97646e+000	5.38029e+000	
2.19393e-001	3.35172e+000	3.79940e+000	3.62942e+000	
3.94543e+000	1.92285e+000	1.70686e+000	-4.36264e+000	
-9.37306e+000	-1.21033e+001	3.71263e+000	-5.84832e+000	
-3.35549e+000	7.73824e+000	2.92709e+000	4.24441e+000	
7.47499e+000	-4.87400e+000	5.63286e+000	-4.78816e-001	
7.74000e+000	-1.08742e+001	6.78826e+000	-8.48442e+000	
-5.57567e-001	1.10152e+001	1.18544e-001	4.28904e-001	
-8.47194e+000	-3.14482e+000	1.05031e+000	-4.03149e-001	
-2.27811e+000	-5.83869e-001	-3.40856e-001	-3.36138e+000	
9.01982e+000	9.44546e+000	-7.41327e+000	4.76789e+000	
-6.82263e+000	-4.40923e+000	-1.68070e+000	1.83387e+000	
-7.18370e+000	-3.09371e+000	-4.51809e+000	5.12792e+000	
-9.28000e-001	6.10208e+000	-2.87487e+000	3.65968e+000	
-6.48924e+000	-1.56275e+000	3.46734e+000	-9.45503e-001	
1.98607e+000	-5.57155e+000	1.66905e+000	-3.07880e-001	
-1.45149e+000	7.27009e+000	3.43257e+000	4.05699e-001	
-1.73997e+000	-3.93877e+000	4.17727e+000	8.81467e-001	
5.12037e+000	-3.05168e+000	3.18135e+000	5.62511e-001	
4.39090e+000	9.66360e+000	1.74727e+000	-3.35648e+000	
-1.42951e+000	-2.43723e+000	-4.04434e+000	-6.78289e-001	
-6.73701e+000	8.05089e+000	-4.01578e+000	2.77330e+000	
-4.23422e+000	1.07672e+001	-1.11342e+000	7.49479e+000	
3.24039e+000	-1.54187e+000	-4.27634e-001	4.75982e+000	
-2.10972e+000	7.84666e-001	1.40638e+000	5.56261e+000	
-4.76883e+000	5.37912e-001	7.22798e-001	2.00970e+000	
-6.58384e-001	-4.02500e+000	-2.50032e+000	-2.91055e+000	
-1.58352e+000	-2.49960e+000	-4.55203e+000	1.25148e+001	
-1.20391e+001	-7.45190e+000	4.86775e+000	7.23781e+000	
-7.18791e+000	-2.48225e+000	5.62017e+000	1.49632e+000	
5.00313e+000	-2.06417e-001	3.49948e+000	-9.47372e+000	
-3.19755e+000	-5.83430e+000	3.20839e+000	-2.70695e-001	
-5.77565e+000	7.18779e+000	-4.44190e-001	3.75913e+000	
1.31156e+000	-3.69351e+000	2.32435e+000	3.81342e-001	
7.84244e+000	-2.10656e+000	3.97102e+000	-1.75493e+000	
-7.24465e-001	3.08165e+000	-1.15426e+000	1.69637e+000	
-8.84183e+000	2.37257e+000	-3.88348e+000	-6.39125e+000	
-9.36790e+000	5.60857e+000	-3.28723e+000	-2.82969e+000	
-1.79194e+000	4.82614e+000	-5.70008e-001	2.89379e+000	
3.38490e+000	-1.33091e+000	2.20502e+000	2.81524e+000	
2.04795e+000	5.18932e-001	-9.90228e-001	4.00588e+000	
-2.84530e+000	3.74273e+000	1.35616e+000	2.28528e+000	
-3.25142e+000	-2.78513e+000	2.40092e+000	3.35269e+000	
5.63572e+000	-2.30857e+000	1.82508e+000	6.72913e-001	
2.31729e+000	1.28441e+000	2.52867e+000	-1.02895e+000	
-3.29239e+000	-1.55692e+000	2.61737e+000	-5.00147e-001	
-5.33954e+000	2.02738e+000	-1.20186e+000	-2.03828e+000	
-2.45627e+000	2.62393e+000	-2.51163e+000	-4.02120e+000	
-1.51040e-001	-1.06911e+000	2.66568e-001	-1.53138e+000	
1.91497e+000	1.07359e+000	-5.71527e-001	2.37824e+000	
1.95039e+000	4.81783e-001	-7.98468e-001	2.11333e+000	
-7.70057e-001	-3.62030e+000	2.18145e-001	-1.29703e+000	
-5.17403e-001	-8.73465e-001	2.52496e-001	-1.50299e+000	
1.26203e+000	-5.10299e+000	2.26422e-001	-3.14418e+000	
4.51872e+000	-5.06313e+000	9.22558e-001	-3.13899e+000	
1.99530e+000	-2.50109e+000	-2.24648e+000	-1.59394e+000	
-9.50931e-001	-2.71937e+000	-1.78708e+000	-3.36441e+000	
-1.73701e-001	-1.38934e-002	-3.89645e+000	-1.21056e+000	
1.90491e-001	4.10690e+000	-3.74235e+000	1.69449e+000	
-3.78440e+000	4.06704e+000	6.04288e-001	2.48100e+000	
6.00409e-001	2.93210e+000	1.61028e+000	-1.03717e+000	
6.13031e+000	-2.97118e-001	-2.23599e+000	-2.81139e+000	
-6.27447e-001	2.62081e+000	-4.10463e+000	9.42289e-001	
-1.10677e+001	4.29454e+000	1.37934e+000	-3.54433e-001	
-2.34039e+000	-1.82740e+000	3.93032e+000	1.87379e+000	
8.42645e+000	-6.29286e-001	3.74421e+000	-9.66834e-001	
-3.69376e+000	-5.79810e+000	2.42795e+000	-4.68635e+000	
-8.49121e+000	-5.71259e-001	-1.66153e+000	-2.35983e+000	
-6.47665e-001	-4.05306e+000	-1.48122e+000	6.82056e+000	
1.11871e+001	-7.26398e+000	8.36705e+000	6.57122e+000	
1.07263e+001	-1.29132e+000	9.74442e+000	-6.90809e+000	
2.03397e+000	-7.91503e+000	2.21730e-001	-1.12255e+001	
-9.34361e+000	-4.76282e+000	-9.84010e+000	-1.15283e+001	
-1.08704e+001	1.74375e+000	-4.08904e+000	-6.00902e+000	
-3.67059e-001	-9.25798e-001	1.73458e+000	-6.10299e+000	
1.74913e+001	1.29519e-002	-7.65085e-001	5.54791e+000	
2.35773e+000	5.25403e+000	1.73430e+000	4.02361e+000	
-9.02528e+000	1.39040e-001	3.67482e+000	-3.55610e+000	
6.24795e+000	-1.07985e-001	-7.78191e-001	-3.70830e+000	
5.55553e+000	-5.97083e+000	3.62226e+000	-5.87296e+000	
-2.25043e+000	-5.84176e+000	6.50323e+000	-4.70365e+000	
9.52594e+000	1.16781e+000	-1.62194e+000	-3.96874e+000	
3.60838e+000	1.26828e+000	-2.11294e+000	-9.68564e-001	
-6.61828e+000	2.27495e+000	1.56158e+000	-2.46980e+000	
4.80731e-001	-2.61324e-001	5.49102e-001	-8.28077e+000	
8.38642e+000	-2.23115e+000	-8.37347e+000	-5.87484e+000	
1.26309e-001	1.49144e+000	-8.24089e+000	2.45665e+000	
-4.57643e+000	-1.14462e+000	-2.28359e+000	5.88603e+000	
6.06572e+000	5.61912e-001	1.26813e-001	1.12476e+000	
1.00667e+001	-4.52542e+000	-2.51315e+000	-1.89358e+000	
-5.73657e+000	-2.49092e+000	-1.99498e+000	-2.85448e+000	
-7.18452e+000	-5.87809e+000	-5.08869e+000	-3.93573e+000	
3.11148e+000	-3.28487e+000	-5.13160e+000	-4.77687e+000	
4.70624e+000	-3.26006e+000	-9.29533e-001	-4.23480e+000	
2.79098e+000	3.74395e+000	2.55115e+000	1.25175e-002	
1.09554e+000	2.82812e+000	4.31949e+000	-2.33822e+000	
2.56465e+000	-1.83377e+000	1.35988e+000	-3.80126e+000	
1.69432e-002	-4.79821e+000	7.96184e-001	-9.19656e+000	
-4.13286e+000	-8.90015e+000	-2.41950e-001	-7.05280e+000	
5.36895e+000	-2.28064e+000	-1.23815e+000	-2.60874e+000	
1.13785e+001	-2.89847e+000	3.26549e+000	1.10357e+000	
5.13611e+000	2.72548e+000	1.02400e+001	-2.58712e+000	
6.25351e+000	7.37216e-001	6.46419e+000	-6.63151e+000	
4.36553e+000	-6.71744e-002	-5.45690e+000	-5.76184e+000	
-8.67208e+000	3.56729e+000	-1.19820e+001	-7.87971e-001	
-1.15159e+001	3.97552e+000	-8.74706e+000	8.59560e-001	
6.13682e+000	5.58118e+000	-7.55759e+000	5.73138e+000	
4.53962e+000	6.89291e+000	-2.94262e+000	8.02792e+000	
-1.04465e+001	3.76985e+000	6.68906e+000	2.22128e+000	
-3.03689e+000	-6.79449e-001	5.86462e+000	-9.77466e+000	
6.47890e+000	-4.69083e+000	4.19961e+000	3.55649e+000	
2.92749e+000	-8.81894e+000	7.11038e+000	-6.50040e-001	
7.37051e+000	-3.55562e+000	3.37807e+000	-3.42307e+000	
1.42699e+001	-2.87219e-001	-3.57295e+000	2.06101e+000	
-8.38944e+000	-7.19038e-001	-1.69796e+000	-4.12051e+000	
-1.45644e+001	5.01365e+000	-1.44577e+000	-4.78753e+000	
3.36807e+000	-2.23427e+000	-4.62626e+000	-7.26452e+000	
5.41414e+000	2.71057e+000	-6.59064e+000	6.94307e+000	
-7.25861e+000	4.73368e+000	-1.24826e-001	-7.59722e-001	
3.80187e+000	-5.73262e+000	4.18747e+000	8.75269e-001	
1.16233e+001	-6.84872e-001	4.45869e+000	-2.44026e+000	
-1.54159e+000	-7.49975e+000	3.29915e+000	-3.37897e+000	
-6.40539e+000	-2.41283e+000	-2.22087e-001	-8.16777e+000	
-3.80492e-001	-3.29111e+000	-2.43949e+000	-5.33479e+000	
-1.34579e+000	2.42667e+000	1.30649e+000	6.05894e-001	
7.70553e+000	3.84699e+000	4.84258e-001	4.27497e+000	
6.40902e+000	5.24183e+000	3.10430e-001	8.71759e-002	
-2.08302e-001	6.16716e+000	-1.05177e+000	-2.36546e+000	
-2.01013e+000	2.20893e+000	-2.14177e+000	-1.77943e+000	
-4.42350e+000	4.55078e+000	-2.33961e+000	-2.72996e+000	
1.66910e+000	3.58180e+000	-3.85935e+000	-1.20369e-001	
-6.72497e-001	-2.82473e-001	6.80985e-001	3.10998e+000	
2.06165e+000	-1.54932e+000	3.94990e+000	-1.17366e+000	
9.61631e+000	-2.47289e+000	-1.70265e+000	-4.54150e+000	
1.64970e+000	-8.78750e-001	-7.24332e+000	2.60423e+000	
-1.39155e+001	4.36503e-001	-4.53893e+000	6.51357e+000	
-9.68718e+000	-1.63977e-001	8.79230e-001	1.25289e+000	
1.24457e+001	-5.63799e-001	-2.05928e+000	-4.19003e-001	
2.99585e-001	-2.01668e-001	5.17504e-001	1.36675e+000	

