
-1.69381e-001	-1.28208e+000	3.30282e+000	-1.55699e+000	
3.94582e+000	-2.20907e-001	-3.48517e-003	-1.74652e-001	
8.88728e-001	6.94251e-001	-3.54913e-002	-4.70260e-001	
-2.33282e+000	-1.57887e+000	1.30601e+000	-1.29554e+000	
1.75551e+000	2.08489e+000	3.48722e-001	5.02751e-001	
2.48702e+000	-6.24662e-001	9.41114e-001	2.55715e-001	
-5.93818e-001	-3.19066e-001	1.87537e+000	-1.14449e+000	
1.83684e-001	9.59308e-001	2.63464e-001	-8.74251e-001	
9.49517e-001	-2.71343e-001	-2.17044e-001	-1.67690e+000	
8.92798e-001	-1.09268e+000	-1.72897e-001	-9.65629e-001	
6.08664e-001	8.24407e-001	1.43579e-001	-1.48998e-001	
1.79405e+000	-2.24890e+000	1.57651e-001	-3.72829e-001	
1.70667e+000	-8.95142e-001	-1.55827e+000	5.25090e-001	
-9.57060e-001	-3.20237e-004	-1.22193e+000	5.36620e-001	
-2.26864e+000	-1.09349e+000	-8.95697e-002	-9.65773e-001	
1.16377e+000	4.13467e-001	-1.29408e+000	-6.78958e-001	
4.82473e-001	5.83076e-001	-3.32927e-001	-8.13862e-001	
-1.33102e+000	-5.11860e-001	1.82184e+000	-1.20517e+000	
2.04779e+000	-5.91445e-001	8.34749e-001	4.78810e-002	
3.70239e+000	5.85517e-001	2.00281e-001	-6.53303e-001	
4.34846e-001	-1.08021e+000	5.49590e-001	-3.94462e+000	
-7.00877e-001	2.48769e+000	-4.07319e-002	-6.01994e-001	
-1.26046e+000	3.25032e+000	2.65731e+000	3.56533e+000	
2.02309e+000	-4.94001e-002	4.87347e+000	1.64353e+000	
6.11495e+000	-2.48430e-001	7.39421e-001	-3.25943e+000	
-8.10922e-001	-2.73512e-001	-2.48066e+000	-4.61078e+000	
-8.22392e+000	-1.91076e+000	-5.22343e-001	-5.57903e+000	
3.60347e+000	-3.23876e+000	9.09661e-001	2.32064e+000	
1.24973e+001	-9.13717e-001	4.08228e+000	5.16285e+000	
3.35028e+000	-2.06343e+000	3.78774e+000	-2.11592e+000	
1.24437e+000	-4.69529e+000	-8.01939e+000	3.71449e-001	
-7.25903e+000	3.71943e+000	-8.80810e+000	-4.15780e-001	
-1.32842e+001	-4.58859e+000	-2.14445e+000	-3.41336e+000	
6.62325e+000	3.42766e+000	-3.75746e+000	4.55506e+000	
5.03622e+000	1.19616e+000	3.45802e+000	4.59253e+000	
-3.24642e+000	-1.51528e+000	2.64021e+000	6.04648e-001	
1.30530e+000	1.46719e+000	-5.14642e+000	3.77432e+000	
-9.96767e+000	-6.32047e+000	2.94951e+000	-3.44320e+000	
-2.30582e+000	-7.40999e+000	4.57438e+000	-2.69229e+000	
9.92580e+000	-2.77169e+000	1.57766e+000	4.57726e+000	
-2.37610e+000	-1.54203e-001	8.65049e+000	-1.02933e+000	
1.80830e+000	-2.44739e+000	2.32884e+000	3.04157e+000	
3.96970e+000	2.76847e+000	-1.85764e+000	4.77904e+000	
-9.76834e+000	-4.71020e+000	-2.06526e+000	-8.96737e-001	
-4.83507e+000	-9.37850e-001	-8.95061e+000	8.43901e-001	
-6.70732e+000	3.69719e+000	-3.27088e+000	3.66752e+000	
-3.12470e+000	-2.45105e+000	1.52909e+000	-5.16094e-001	
1.01969e+001	1.09516e+000	-2.71215e+000	1.00201e+000	
2.93900e+000	2.50084e+000	-7.66389e-001	6.09449e+000	
-9.17945e+000	3.04438e+000	5.25396e+000	5.44909e+000	
2.35377e+000	-6.14964e+000	7.57772e-001	3.54054e+000	
2.01672e+000	1.13163e+000	1.26890e-001	-4.71152e+000	
-1.07213e+001	-5.01064e+000	-1.80218e+000	-3.73736e+000	
-1.11799e+001	6.04989e+000	1.61187e+000	-8.87481e+000	
2.87957e+000	-1.25551e+000	-8.36471e-001	6.17737e+000	
1.09465e+001	3.23121e+000	6.84296e+000	1.24281e+001	
2.66917e-002	-3.10481e+000	1.11984e+001	3.36857e-001	
1.02395e+001	-5.67064e+000	-6.92194e+000	-2.31813e+000	
-7.70355e+000	7.39186e+000	-1.29299e+001	8.94921e-001	
-2.29559e+001	-6.29770e+000	1.57338e+000	-4.52618e+000	
4.96851e+000	1.31302e+001	-5.89801e-001	2.63859e+000	
2.33064e+001	-6.64546e+000	-1.29615e+000	-6.31109e-001	
-5.92086e+000	9.35151e+000	-4.13574e+000	3.40520e+000	
-1.73505e+001	7.47646e+000	-5.65948e+000	1.20777e+001	
-2.70434e+000	2.24283e+000	5.87339e+000	-3.44190e+000	
1.98193e+001	-2.03319e+000	7.91849e-001	-2.61057e+000	
-2.56078e+000	4.01173e+000	2.57261e+000	-1.83991e+000	
-2.34231e+001	-7.49391e+000	1.23497e+001	-1.46038e+001	
2.30344e+001	-1.86426e+000	-8.99144e+000	4.67339e+000	
1.47743e+001	1.24231e-002	-1.62462e+000	7.94409e+000	
-2.11191e+001	-8.82720e+000	1.28223e+001	-4.01553e+000	
1.53029e+001	5.00227e+000	-1.11881e+001	2.08989e+000	
2.77210e+000	8.78095e-001	-1.02162e+001	6.91905e+000	
-2.94971e+001	-2.28578e+000	4.15596e+000	-7.81216e+000	
1.11220e+001	3.10607e+000	-7.72789e+000	-7.46812e+000	
1.48542e+001	-1.93558e+000	-5.06392e+000	1.54667e+000	
-1.22234e+001	1.12751e-001	7.11571e+000	6.73053e+000	
7.03127e+000	7.02791e-001	1.22076e+000	5.92860e+000	
1.94207e+001	6.56423e-001	-3.40221e+000	-1.80460e+000	
-1.43948e+001	-2.74688e+000	1.80612e+000	-8.76701e+000	
-1.66745e+001	-5.21216e-001	6.27223e+000	-1.39721e+001	
2.12098e+001	-6.74592e+000	-2.63365e+000	5.62705e-001	
1.12320e+001	-8.45633e-003	3.83176e+000	2.00269e+000	
-1.18790e+001	-2.31520e+000	1.02331e+001	-8.84199e-001	
1.93566e+001	6.12148e+000	-2.56729e+000	-2.85616e+000	
1.04915e+001	-7.86863e-002	-1.06367e+001	1.28446e-001	
-2.24616e+001	6.87489e+000	1.21635e+000	-5.19205e+000	
-2.00146e+000	1.18702e+001	-2.51790e+000	-2.25558e+000	
1.32514e+001	-7.84208e+000	1.42069e-001	-8.79065e+000	
3.16018e+000	6.74189e+000	-1.03692e+000	1.18332e+000	
-2.41694e+000	1.77197e+000	2.53081e+000	3.49716e+000	
3.16872e+000	-4.86015e+000	4.06380e+000	-2.05827e+000	
1.60208e+001	3.85807e-001	4.71789e-001	4.25927e-001	
-2.55196e+000	9.40597e-001	6.30134e+000	-4.47458e+000	
-6.37718e+000	-4.51348e+000	4.27929e+000	-5.68396e+000	
4.23755e+000	9.17065e+000	-5.79716e+000	-2.38068e+000	
-2.04502e+000	-4.16016e+000	2.30639e-001	-3.61168e+000	
-7.74148e-001	2.97699e+000	1.85841e+000	-4.10738e-001	
6.94850e+000	4.42836e-002	-2.54549e+000	3.11752e+000	
2.03477e+000	2.69616e-001	-2.36504e+000	4.56443e+000	
-3.14275e+000	-1.49874e+000	-1.80200e-001	2.80433e+000	
7.42592e-001	-1.98452e+000	-3.15261e-001	-2.51184e+000	
5.20196e-001	-3.36241e+000	-3.06876e+000	2.04132e+000	
-2.67068e+000	-2.84558e+000	2.45604e+000	-2.55378e+000	
-2.73093e+000	-2.16660e+000	-1.65990e-001	1.21604e+000	
6.61042e-001	-1.73221e+000	1.86103e+000	-3.21812e-001	
1.38725e+000	-2.50194e-001	2.80880e+000	-1.90131e+000	
1.91875e+000	3.59808e+000	-6.31322e-001	2.53539e+000	
-4.10045e+000	1.92897e+000	2.17061e+000	-7.14129e-001	
-1.03440e+000	1.13881e+000	1.74680e+000	-1.08800e+000	
2.13721e+000	2.78081e+000	-3.38069e+000	2.87582e+000	
-3.73449e+000	-4.86102e-001	2.22206e+000	-3.09888e+000	
-1.09858e+000	4.60240e-001	-5.26749e-001	1.09915e+000	
3.23182e+000	3.68675e+000	-5.17368e-001	1.90108e+000	
-5.47003e-001	1.36374e+000	1.48082e+000	1.25510e+000	
-3.72778e-001	4.82860e+000	-2.19508e+000	3.57571e+000	
-9.97493e-001	4.02597e+000	-2.64537e+000	2.24857e+000	
-4.40493e+000	6.97503e-001	-1.41037e+000	2.87784e+000	
-2.10947e+000	3.66953e+000	4.87105e-001	3.91623e-001	
-5.51279e-002	1.53470e+000	-6.25941e-001	8.34385e-001	
-1.72384e+000	-6.71710e-001	-7.12578e-001	2.48552e+000	
-4.70237e+000	6.43407e-001	1.45874e+000	2.28734e+000	
5.47335e-001	-4.63732e-001	1.90876e+000	2.41389e+000	
3.08677e+000	-2.98252e+000	-1.36733e+000	3.66780e+000	
-4.22094e+000	1.44075e+000	-1.28601e-001	2.17752e+000	
-8.02744e+000	-3.37109e+000	5.91126e-001	2.85982e+000	
-9.00203e-001	-8.89857e-001	-1.40742e-001	1.33941e+000	
1.77716e-001	-1.37767e+000	-3.06669e+000	3.50278e+000	
-7.60138e+000	-2.36421e-002	-6.39322e-001	1.92544e+000	
-6.84016e+000	-5.82635e-001	8.19171e-001	7.29459e-001	
2.30927e+000	2.09953e+000	-2.65593e-001	2.20144e+000	
1.91780e+000	-5.35317e-001	9.89825e-001	1.85395e+000	
-4.29299e+000	-2.66871e-001	1.07632e+000	1.18721e+000	
-1.82886e+000	2.64870e-001	1.53662e-001	8.31502e-001	
1.40937e+000	-1.01527e+000	-2.06685e-001	-1.86188e-001	
8.34726e-001	1.71597e+000	1.19428e+000	-1.85756e-001	
-5.41440e-001	1.72411e+000	1.43364e+000	-1.47023e+000	
1.50340e+000	1.99283e+000	6.10579e-001	-1.56117e+000	
1.85077e+000	2.61432e+000	-8.46534e-001	7.22397e-001	
4.11374e-001	4.18907e+000	-6.48634e-002	7.13461e-001	
1.05936e-001	1.92463e+000	-1.97324e+000	1.80797e+000	
1.85993e-001	2.96276e+000	-2.03118e+000	1.56137e+000	
-2.20540e+000	5.40638e-001	-9.51519e-001	1.16193e-001	
-9.81210e-001	6.84758e-001	2.65684e-001	-1.48060e+000	
1.32565e+000	-5.17557e-001	1.53938e-001	-9.64337e-001	
2.05125e-001	-1.58063e+000	7.70611e-001	-5.86144e-001	
3.39323e-001	-2.51979e+000	1.17179e+000	-3.43865e-001	
2.02988e+000	-2.09271e+000	4.06126e-001	-5.02262e-001	
1.83625e+000	-2.09610e+000	-8.95570e-002	6.82761e-001	
-6.97347e-001	-1.68679e+000	1.69666e-001	6.11356e-002	
-4.81600e-001	-1.52315e+000	-1.45292e-001	-9.98496e-001	
1.11411e+000	-2.76505e+000	-9.15511e-001	-1.10991e+000	
3.46243e-001	-1.85057e+000	-2.80491e-001	-1.18096e+000	
-2.73452e-001	-2.54121e+000	2.70928e-001	-1.19033e+000	
2.35418e+000	-1.92649e+000	7.87305e-001	-1.36775e+000	
3.64703e+000	-1.37021e+000	3.99505e-001	-1.10789e+000	
2.38878e+000	-1.63527e+000	4.58137e-001	-1.09031e+000	
1.20964e+000	9.68871e-002	-8.11407e-002	-1.29713e+000	
1.37626e+000	8.08888e-002	-1.72463e+000	-5.88739e-001	
-2.86207e-001	1.04743e+000	-2.03476e+000	-2.90105e-001	
-1.39031e+000	4.50613e-001	-1.13169e+000	-9.18649e-001	
2.98616e-001	1.03604e+000	-1.41428e-001	-3.36371e-001	
2.49353e+000	3.36320e-001	1.14020e+000	-2.29572e-001	
2.02188e+000	6.45711e-001	1.55132e+000	-7.40362e-001	
1.40774e+000	-8.99077e-001	1.70583e+000	-1.97179e+000	
6.51681e-001	-1.19030e+000	6.11961e-001	-1.34541e+000	
1.01818e+000	-1.14095e+000	9.37909e-002	-1.89504e-001	
-1.90138e-001	-1.20332e+000	-5.71167e-001	2.22551e+000	
1.47722e+000	-1.18230e+000	1.58332e+000	-7.64036e+000	
4.10824e+000	-2.16403e+000	-4.23781e+000	-1.72490e+000	
-4.09054e+000	9.70849e+000	-1.64296e+000	1.14578e+001	
-1.21691e+001	-1.10489e+000	1.13305e+001	2.86328e+000	
1.79172e+001	-4.59293e+000	-1.37932e+000	1.81402e+000	
1.45035e+000	7.71670e+000	-6.36540e+000	-6.83540e+000	
-2.79801e+001	-1.79052e+001	4.56156e+000	-1.25227e+001	
6.84090e+000	3.48392e+000	-5.90504e+000	1.20587e+001	
1.50193e+001	-1.52383e+000	6.29500e+000	7.39698e+000	
3.03697e+000	-2.15254e+001	1.28378e+001	-2.71218e+000	
7.27768e+000	2.09060e+001	-6.00023e+000	6.50187e-001	
-1.11984e+001	-1.68996e+001	-1.13702e+001	-3.86189e+000	
-2.40105e+001	9.12537e+000	-5.73511e-001	-1.98765e+000	
8.32860e+000	8.63688e+000	5.66647e+000	-3.08086e+000	
1.77840e+001	-5.98804e+000	2.81626e+000	-7.70522e+000	
-4.82685e-001	-2.27147e-001	-5.04114e+000	1.35304e+001	
-1.78350e+001	1.18036e+001	6.40247e+000	3.95346e+000	
8.43145e+000	-6.38325e+000	-9.85315e-001	5.30380e+000	
1.53860e+001	-3.86731e+000	-5.27181e+000	-2.09993e+000	
-2.65232e+001	9.10462e+000	1.59936e+001	-1.67314e+001	
7.63625e-001	-2.33192e+001	-6.48421e-001	3.54457e+000	
1.92642e+001	1.50895e+001	-6.58475e+000	4.52479e+000	
-8.85081e+000	-1.77910e+001	7.24057e+000	-3.50085e+000	
4.42684e+000	9.84895e+000	-5.08807e-001	3.52627e+000	
8.86417e+000	-1.94832e+000	-8.31157e+000	8.50993e+000	
-1.24549e+001	9.72435e+000	-8.63191e+000	1.19240e+000	
-1.46837e+001	3.62492e+000	-1.60613e+000	5.07499e-001	
-3.98693e-001	4.34200e+000	-1.41287e-001	-4.00891e+000	
1.02786e+001	-5.24045e+000	-5.19731e+000	6.93807e+000	
-4.34089e+000	-1.32073e+000	6.02488e+000	1.43554e+000	
-5.16249e+000	3.72837e+000	6.28480e+000	4.03144e+000	
1.07174e+001	-1.99805e+001	-2.32420e+000	1.57780e+000	
-8.37378e-001	7.13805e+000	6.98976e+000	-6.29608e+000	
-6.72957e+000	-7.32729e+000	6.19126e+000	-1.32077e+000	
6.60773e-001	2.07037e+000	-5.85235e-001	6.99334e-001	
-4.69911e+000	-1.39259e+000	-7.34781e-001	-2.53793e+000	
3.41473e+000	-3.23131e+000	-2.90376e+000	-3.13606e+000	
1.64683e+000	3.16253e-001	-6.37161e+000	7.62499e+000	
-5.86577e+000	6.21611e+000	-2.88389e+000	3.79434e+000	
3.38773e+000	-3.91286e+000	-2.74855e+000	2.56061e+000	
6.14576e+000	-5.71634e+000	-2.20693e+000	8.77908e-001	
-2.08532e+000	3.71156e+000	-2.78332e+000	-1.27148e+000	
-2.46131e+000	-2.53836e+000	-8.23156e+000	4.50115e+000	
-1.38275e+001	8.53682e+000	3.23331e+000	2.52573e+000	
8.02976e-001	-5.31041e+000	7.93533e+000	-1.56132e+000	
1.80050e+001	1.01219e+001	-7.43748e-001	-1.74661e-001	
-1.10858e+001	-2.71123e+000	4.39671e+000	-6.91828e+000	
-8.05797e+000	5.49720e-001	2.53027e+000	-1.59960e-001	
1.17420e+001	5.86428e+000	-4.36653e-001	4.48357e+000	
3.63034e+000	-1.95933e+001	8.11592e+000	-2.44526e+000	
2.68540e+000	9.11493e+000	-1.17859e+000	2.70401e+000	
-1.61149e+000	-4.46874e+000	-6.59924e+000	1.50285e+000	
-1.10133e+001	-5.96784e+000	-2.63060e+000	-5.62257e+000	
4.33335e+000	7.89295e+000	8.33389e-001	-5.63352e+000	
7.20278e+000	6.53920e+000	4.44720e+000	-5.16049e+000	
4.25099e+000	-3.17423e+000	-2.15244e+000	2.46274e+000	
1.61142e+000	8.60190e+000	-6.11611e+000	1.12696e+000	
-2.81506e+000	6.22275e+000	-2.35827e+000	-2.77675e+000	
1.03188e+000	-6.03847e+000	-4.01680e+000	2.57242e+000	
-2.43431e+000	1.17012e+001	2.02797e+000	8.84537e-001	
3.76250e+000	-2.32917e+000	3.94062e+000	1.14382e+000	
6.05471e+000	-2.71733e+000	5.11326e+000	-8.29725e-001	
1.90111e+000	4.98180e+000	3.52192e+000	-2.16911e+000	
2.12636e+000	-4.90639e+000	-7.24156e-001	-4.39373e+000	
5.14364e-001	-4.39065e+000	-2.19327e+000	3.47083e-001	
-2.88114e+000	1.26158e+001	-1.06326e+000	3.09748e+000	
1.81102e+000	-5.45182e+000	-1.10561e+000	-6.62824e-001	
3.27212e+000	2.44511e+000	-3.18740e+000	6.36492e-001	
-1.49846e+000	4.86479e+000	-3.88712e+000	3.74520e+000	
-4.27535e+000	-5.46647e+000	4.57731e-001	-2.03363e+000	
3.53550e+000	-5.14216e+000	-4.53235e+000	1.66110e+000	
1.26446e+000	-4.91778e+000	-4.97685e+000	2.50713e+000	
-6.49985e+000	-8.72036e+000	-4.38168e-001	-1.01320e+000	
-2.19360e+000	-1.82169e+000	-1.08409e+000	1.25701e-001	
3.10509e+000	3.89378e+000	3.29430e-001	1.03962e+000	
-4.52425e-001	-2.71719e+000	3.69837e+000	1.41104e+000	
-1.67879e+000	4.87049e+000	5.84085e+000	-1.37294e+000	
3.91271e+000	2.70529e+000	1.38715e+000	-2.33543e+000	
1.82106e+000	-1.11709e+000	8.02489e-001	-3.97172e+000	
-1.29072e+000	2.40336e+000	2.67085e+000	-4.86950e+000	
3.95776e+000	3.43552e+000	7.48409e-001	-6.48700e-001	
5.28779e+000	-1.70205e-001	-3.57462e-001	4.02283e-001	
2.75976e+000	4.75213e+000	-7.17118e-001	3.17229e+000	
-1.82750e+000	4.00048e+000	-1.57536e+000	3.61130e+000	
-2.21096e+000	-7.06827e-001	5.97208e-001	-2.31756e+000	
3.71732e+000	3.57300e+000	-1.56043e-001	-3.29965e+000	
1.31086e+000	1.21623e+000	2.12054e+000	-4.22207e+000	
-1.61922e+000	-3.69567e+000	1.19263e+000	1.72999e+000	
1.19987e+000	2.97048e+000	2.11240e+000	3.73511e+000	
3.96631e+000	-4.13969e+000	3.74458e+000	-3.80511e+000	
2.40208e+000	-8.46881e-001	-9.31091e-001	-3.38988e+000	
-5.58082e+000	5.15710e+000	-2.05683e+000	2.08430e-001	
-8.14006e+000	-3.53175e+000	2.15379e+000	-1.52644e+000	
5.31602e+000	-2.18640e+000	-8.63353e-001	4.33093e+000	
3.64703e+000	9.69472e-001	-4.34165e-001	4.06674e+000	
-6.22711e+000	-2.24795e+000	9.92045e-001	-5.71106e+000	
-2.87611e+000	4.76067e+000	-4.25698e+000	-2.22225e-001	
-4.14468e+000	1.10705e+001	-6.08682e-001	9.19396e+000	
-5.18976e+000	-1.94710e+000	7.12925e+000	6.15257e+000	
9.30679e+000	-7.04794e-001	6.28246e+000	-1.58554e+000	
6.89504e+000	1.63408e+000	2.39563e+000	-6.45477e+000	
-8.46070e+000	-8.25831e+000	9.38006e-002	-1.89166e+000	
-1.65124e+000	4.89313e+000	-1.42981e+000	4.95285e+000	
5.12714e+000	-2.64162e-001	3.12446e+000	1.94806e+000	
8.47867e+000	-5.94994e+000	-3.81731e+000	-1.09881e+000	
-7.20882e+000	5.29173e+000	-9.82524e+000	3.20082e+000	
-1.38008e+001	3.47280e+000	-7.44422e+000	-7.60113e-001	
-3.24044e+000	4.26662e+000	-3.99003e+000	-1.30160e+000	
7.00508e+000	1.08607e+000	-2.41041e+000	2.42109e+000	
3.31690e+000	3.19099e-001	1.85525e+000	1.99274e+000	
-2.45018e+000	-4.80023e+000	-3.08208e-001	3.79218e+000	
-5.22440e-001	3.14606e+000	-2.09021e+000	3.89927e+000	
-3.16161e+000	-5.78901e+000	2.92222e+000	-9.23842e-001	
-4.07100e+000	-4.55998e+000	6.38013e+000	-4.05676e+000	
3.54242e+000	3.65272e+000	5.30296e+000	-2.28095e+000	
3.19777e+000	-1.32046e+000	6.18644e+000	-2.82417e+000	
6.73393e-001	6.84078e-001	4.69084e+000	-1.18443e+000	
3.22043e+000	4.35637e+000	9.40312e-001	-8.54517e-001	
2.42460e+000	-7.47231e-001	-1.79015e+000	-1.39572e+000	
-1.13291e+000	3.46413e+000	-2.42572e+000	5.78262e-001	
-1.57132e+000	4.23557e+000	-2.22127e+000	2.30867e+000	
9.84530e-001	-4.02621e+000	-4.86455e+000	4.96542e-001	
-5.63554e-001	3.03054e+000	-6.67787e+000	2.08484e+000	
-5.11405e+000	-1.37401e+000	-1.69965e+000	2.15635e-001	
-1.76427e+000	-3.64008e+000	2.39881e+000	-4.08728e-001	
7.24851e+000	-2.07626e-001	2.23395e+000	8.60465e-001	
3.46955e+000	8.65347e-001	5.28365e+000	-3.87686e-001	
-1.67160e+000	-1.03764e+000	1.96479e+000	-6.88914e-001	
-3.19851e+000	2.60022e+000	-1.75215e-001	1.31995e+000	
-3.69921e+000	-1.37659e+000	2.39232e+000	1.15189e+000	
1.20828e+000	-4.06214e+000	1.90050e+000	-2.58607e+000	
1.94060e+000	-3.29802e+000	-2.35730e+000	-1.05990e+000	
-4.72638e+000	8.44467e-001	-2.00992e+000	2.26615e+000	
-8.08741e+000	-3.76576e+000	9.73148e-001	5.51768e+000	
5.86040e+000	-2.34205e+000	-4.53200e-001	3.69100e+000	
6.71159e+000	-5.16779e+000	-1.96963e+000	-3.97417e+000	
-5.52966e+000	-5.75294e+000	-4.97574e+000	-4.31907e+000	
-7.82390e+000	7.91573e+000	-5.52357e+000	5.35813e+000	
-1.98708e+000	1.00798e+000	3.03548e+000	5.73762e+000	
1.25651e+001	2.71939e+000	6.01565e+000	1.94532e+000	
5.15645e+000	4.51012e+000	3.97553e+000	-3.06689e+000	
-8.34400e+000	-4.80755e+000	-2.27811e+000	-3.83019e+000	
-9.35571e+000	2.73363e+000	-5.65532e+000	-2.04286e+000	
-1.47268e+000	-2.29649e+000	3.17910e+000	-2.84089e+000	
1.15181e+001	-4.60771e+000	3.30257e+000	3.62790e-001	
5.71495e+000	6.72960e-001	-5.28248e-001	6.67993e+000	
-6.64150e+000	-9.65920e-001	-9.91235e-001	2.27494e+000	
-2.73364e+000	1.20339e-001	-1.91224e+000	-4.26993e+000	
1.72160e+000	-4.94105e-001	-3.11413e+000	-4.80623e+000	
-3.92721e-001	-4.34315e-001	1.72392e+000	-3.35111e+000	
1.79406e+000	-2.34761e+000	1.87043e+000	-5.47504e-002	
5.55945e+000	4.16493e+000	-3.24484e-001	4.13492e+000	
1.08128e+000	-1.02178e+000	-7.33115e-001	6.59533e+000	
-4.89002e+000	-1.99849e+000	2.55594e+000	-6.20022e-001	
-2.91166e+000	-3.95747e+000	4.95434e+000	-5.49314e+000	
2.99681e+000	-1.50403e+000	2.73915e+000	-2.77186e+000	
-6.89649e-002	-4.79372e+000	2.71487e+000	8.04975e-001	
-1.83185e+000	-3.36377e+000	4.84577e+000	-2.07959e-001	
8.92075e+000	-2.54040e+000	2.54035e+000	-1.58379e-001	
5.65484e+000	-2.41187e+000	-4.51496e+000	3.12040e+000	
-6.53146e+000	1.93927e+000	-7.49306e+000	6.83588e+000	
-1.18301e+001	1.45874e-002	-5.89481e+000	3.00365e+000	
-1.84677e+000	1.25419e+000	-5.05175e+000	-6.68161e-001	
4.07893e+000	9.57133e-001	-6.29351e+000	2.65890e+000	
-9.41677e+000	3.42535e+000	1.01868e+000	1.93090e+000	
-7.53136e+000	-3.24650e+000	3.56856e+000	2.57287e-001	
8.75575e+000	-2.40170e+000	4.48446e+000	-8.06092e-001	
5.87275e+000	-7.50612e+000	8.60513e+000	-6.30833e+000	
-2.07907e+000	-3.60809e+000	8.10475e+000	-7.13260e+000	
4.49116e+000	-6.98785e-002	3.08598e+000	-3.35039e+000	
2.18606e+000	-6.40260e-001	3.54414e+000	-8.72247e-001	
3.06778e+000	1.59002e+000	3.31830e+000	-2.20211e-001	
5.88089e+000	1.27073e+000	-2.26624e+000	-1.00874e+000	
-1.04213e+000	1.74186e+000	-8.50029e+000	-4.72147e-001	
-8.58200e+000	3.87005e+000	-9.97009e+000	-7.53617e-002	
-4.91105e+000	5.68559e+000	-3.10089e+000	-2.40389e-001	
9.18792e+000	3.57164e+000	-1.30785e+000	3.02887e+000	
8.67163e+000	4.59309e+000	6.69368e-001	3.88024e+000	
-3.52607e+000	2.92940e+000	1.66432e+000	-1.03511e+000	
-4.50388e-001	4.63083e-001	4.92093e-001	-6.13754e+000	
2.12690e+000	-2.30205e+000	6.33638e-001	-6.65453e+000	
2.07113e+000	-4.20843e+000	2.24678e+000	-2.40548e+000	
2.16774e+000	-1.84000e+000	2.80661e+000	1.72725e+000	
1.22117e+000	5.83883e-001	1.06379e+000	4.12929e+000	
-2.90139e-001	-2.74526e+000	-1.72917e+000	2.91213e+000	
-3.10733e+000	-3.30452e+000	-3.13096e+000	-1.19812e+000	
-3.94996e+000	-2.99893e+000	-4.17434e+000	-6.74648e-001	
-3.15645e+000	-5.65014e-001	-3.30313e+000	-4.58159e-002	
-1.03616e+000	-1.03371e+000	1.11525e+000	-5.18124e-001	
7.09030e+000	-1.02571e+000	8.23469e-001	1.84010e+000	
6.09610e+000	4.38271e-001	1.15606e-001	2.11798e+000	
-2.01991e+000	-3.73847e-001	-1.45173e+000	-1.13124e-001	
-3.77859e+000	2.59113e+000	-8.53135e-001	-2.30503e+000	
-2.11924e+000	3.02837e+000	1.14367e+000	-2.08336e+000	
2.70277e+000	3.42576e+000	1.82739e+000	-9.91010e-001	
1.38210e+000	4.31854e+000	2.70632e+000	8.14490e-002	
1.53421e+000	3.51022e+000	1.14698e+000	-6.20312e-001	
2.34862e+000	7.70982e-001	-1.30577e+000	-8.33910e-001	
8.60510e-001	1.95906e+000	-1.33350e+000	-5.57039e-001	
7.69021e-002	2.70420e+000	-5.38452e-001	1.02189e+000	
1.45429e+000	-1.50336e+000	-5.71976e-001	1.84284e+000	
2.97089e+000	7.88201e-001	-6.49784e-001	1.99288e+000	
2.92920e-001	-9.03012e-001	-1.03069e+000	-7.87357e-001	
-1.16249e+000	-2.34761e+000	-2.28445e+000	-1.07388e+000	
-2.66105e+000	3.54754e-001	-2.74895e+000	-3.25137e-001	
-2.57922e+000	-2.57646e+000	-7.05519e-001	-1.36848e+000	
3.35527e-001	-1.02042e+000	9.10511e-002	-2.56388e-002	
1.50626e+000	5.75070e-001	1.37999e+000	1.94157e-001	
2.67411e-001	-6.15856e-001	1.33764e+000	6.33604e-001	
-4.94759e-001	-4.94242e-001	9.28448e-002	1.57519e+000	
-1.12656e-001	-1.63392e+000	2.32570e+000	-1.04491e+000	
1.79121e+000	-1.44601e+000	1.02917e+000	-1.20115e+000	
1.32593e+000	-5.45589e-002	-1.50381e-002	-1.58525e-001	
-2.59252e+000	1.28374e+000	6.20259e-001	-6.78108e-001	
9.50847e-002	2.93360e+000	1.38648e+000	5.94689e-001	
3.49886e+000	3.51714e+000	8.67480e-001	1.23909e+000	
2.27453e+000	3.47741e+000	-3.03511e-002	7.96036e-001	
-2.02941e+000	3.02783e+000	-1.20686e+000	-1.12808e+000	
-1.92913e+000	3.22645e+000	-7.03172e-001	-2.08884e+000	
7.59557e-001	1.54066e+000	-1.29377e+000	-3.93166e-001	
1.61657e+000	-8.04447e-001	-1.41821e-001	3.03406e-001	
1.29105e+000	1.62639e-001	7.64426e-001	9.31661e-001	
1.36541e+000	-8.03905e-001	4.32775e-001	2.38635e+000	
2.80166e-001	-6.62767e-001	9.63361e-001	2.85102e+000	
-1.50782e+000	-1.57057e-001	1.29143e+000	2.03236e-001	
-3.83629e-001	-2.11550e+000	1.40345e+000	-2.25804e+000	
-9.76593e-001	-8.31427e-001	9.02252e-002	-1.40351e+000	
-1.72384e+000	-7.16863e-001	9.55222e-001	2.02227e-001	
4.24947e-001	-8.17056e-001	6.31711e-001	8.51525e-001	
3.28474e+000	1.42705e+000	6.27710e-001	2.61998e+000	
2.26704e-001	-7.00458e-001	5.71561e-001	1.21026e+000	
-9.04134e-001	-3.32733e-002	-7.39730e-001	7.54527e-001	
-1.27891e+000	2.89574e-002	-2.93216e+000	4.99852e-001	
-2.26415e+000	-6.17619e-001	-2.64245e+000	-2.43418e-001	
-1.18705e+000	-4.01099e-001	-3.12006e+000	1.42660e+000	
8.72451e-001	1.46379e+000	-1.36427e+000	2.17088e+000	
1.03243e+000	1.66119e+000	-7.00811e-002	2.04620e+000	
5.24272e-001	2.43399e+000	-6.04530e-001	1.91894e+000	
-1.67594e+000	2.49406e+000	-2.80053e-001	7.09703e-001	
-3.18223e+000	6.53841e-001	4.37605e-001	-3.38815e+000	
9.72998e-001	-1.63650e+000	-4.86990e-001	-4.65043e+000	
2.32867e+000	7.68405e-001	-2.50780e+000	-1.45467e+000	
-1.43088e+000	2.65272e-001	-9.45562e-001	3.09128e+000	
-6.97750e-001	-1.28385e+000	4.99430e-002	5.42962e+000	
4.35832e+000	1.25218e-001	-1.81401e+000	6.81022e+000	
-2.39564e+000	-9.06538e-001	-3.30188e+000	2.42483e+000	
-1.04746e+001	-3.25040e-001	-1.60735e+000	-2.72920e+000	
-5.45273e+000	-6.24263e-001	-1.79828e+000	-1.70416e+000	
2.37074e+000	-1.57820e+000	5.38315e-001	1.97326e-001	
2.70141e+000	-3.62856e+000	4.92593e+000	2.30620e-001	
4.26768e+000	-1.99253e+000	4.75611e+000	2.54590e+000	
3.33739e+000	-1.92691e+000	8.33821e-001	2.59548e+000	
-2.21734e+000	-1.62538e+000	-1.71192e+000	1.46449e-001	
-6.32277e+000	6.96684e-001	-2.07420e+000	-1.05890e+000	
-5.49655e+000	-6.97747e-001	-6.50469e-001	-8.85943e-001	
-6.83774e-001	-8.21259e-001	1.97145e-001	8.38985e-001	
1.71115e+000	8.60870e-001	-1.55859e-002	2.29612e+000	
-6.49987e-001	5.58258e-001	1.81801e+000	2.61767e+000	
-6.03174e-001	1.02533e+000	3.51324e+000	7.22673e-001	
4.13416e+000	-1.33456e+000	3.16724e+000	-1.32640e+000	
1.87221e+000	3.34441e+000	2.29287e+000	-3.80613e+000	
-2.85834e+000	7.84403e-001	2.88208e+000	-5.08209e+000	
-7.70208e-001	3.93268e+000	1.35765e+000	-2.31584e+000	
4.37393e+000	2.46219e+000	7.35458e-001	-1.12909e+000	
2.78663e+000	2.07566e+000	9.04043e-001	4.86303e-001	
5.93707e-003	4.52340e+000	6.79447e-001	2.63237e+000	
-1.18243e+000	2.19971e+000	-1.84821e-002	2.63891e-002	
4.05136e-001	1.24442e+000	-2.05281e+000	-1.59174e+000	
-1.90946e+000	3.46317e+000	-1.26093e+000	-1.04348e+000	
-2.57502e+000	5.57851e-001	1.81843e+000	-2.35346e+000	
4.88995e+000	6.91667e-001	-6.40534e-001	1.37224e-001	
5.36663e+000	1.34326e+000	-5.82040e-001	8.35525e-001	
-2.37626e-001	-6.65886e-001	1.08849e+000	-3.70276e-002	
9.66756e-001	2.00600e-001	-1.29873e+000	7.03792e-001	
1.38902e+000	-1.70616e-001	-2.73239e+000	-1.60113e-001	
-2.71627e+000	-8.12583e-001	-1.41062e+000	-1.02474e+000	
-2.91601e+000	-1.06639e+000	-1.18367e+000	-7.45707e-001	
1.59907e+000	-1.01609e+000	-1.13815e+000	-6.21468e-001	
2.46206e+000	-3.89551e+000	-9.93982e-001	3.02801e-002	
6.64575e-001	-2.41228e+000	8.58656e-001	-2.78155e-001	
1.29485e+000	-2.83976e+000	1.28150e+000	-8.79052e-002	
3.37538e+000	-2.20078e+000	6.37372e-001	-8.53227e-001	
9.23878e-001	-2.96433e-001	-1.20892e+000	1.19123e+000	
-3.08806e+000	-9.75684e-001	-9.62888e-002	-4.04639e+000	
2.99434e-001	-2.93426e+000	-2.46323e+000	-4.15737e+000	
9.83718e-001	5.08212e+000	-2.62671e+000	4.86924e+000	
-5.66956e+000	2.45569e+000	4.35589e+000	7.24981e+000	
3.35802e+000	-1.63433e+000	4.65623e+000	-7.81307e-001	
9.09362e+000	-7.52928e-001	-6.29082e-001	-1.21614e+000	
-8.07439e+000	-2.79217e+000	1.77125e+000	-7.33698e+000	
-5.74907e+000	-3.85050e+000	1.89147e-001	-3.95573e+000	
1.03648e+001	3.85258e-001	9.42319e-002	7.49411e+000	
4.64327e+000	3.45585e+000	8.94962e+000	-8.76576e-001	
7.15299e+000	-1.10271e+001	-5.64104e-001	-6.11236e-001	
7.48296e-001	8.11923e+000	-8.14614e+000	4.20813e+000	
-1.58523e+001	-8.07691e+000	-3.75011e+000	-4.38754e+000	
-4.81919e+000	-1.30214e-001	-5.68635e+000	-1.36604e+000	
2.40507e+000	9.30557e-001	-9.85289e-001	4.60102e+000	
-2.47461e+000	-4.29344e+000	6.07402e+000	-5.34560e-001	
3.06235e+000	-4.88549e-001	-9.46936e-001	4.04584e+000	
7.67971e-001	-2.64859e+000	2.02730e+000	1.08253e-001	
-6.70406e+000	-5.89964e+000	7.61777e+000	-4.98913e+000	
5.39119e+000	-6.63503e+000	5.14846e+000	-2.24061e+000	
9.43855e+000	1.40766e+000	3.72970e+000	1.80652e+000	
-4.19692e+000	-3.04433e-001	2.18733e+000	2.71020e+000	
-3.74181e+000	1.32658e+000	-2.35769e+000	9.86138e-001	
-3.93395e+000	4.10460e+000	-4.82162e+000	3.14532e+000	
-6.05654e+000	7.39526e-001	-6.62543e+000	2.65929e-001	
-6.83472e+000	1.85561e+000	-4.15142e+000	2.21728e+000	
-4.94999e+000	9.88027e+000	2.82360e+000	2.35593e+000	
8.80827e+000	-4.86707e+000	2.83698e+000	-1.83027e+000	
9.92608e+000	7.89647e+000	1.36173e-001	3.42709e+000	
-2.61600e+000	5.76289e-001	3.30824e+000	2.38202e+000	
-9.59631e-001	-2.47478e+000	7.02215e-001	-1.91055e+000	
3.80240e+000	-9.33364e-002	-5.42312e+000	2.63338e+000	
-8.01699e+000	1.13569e+000	-1.90649e-001	-1.40913e+000	
-6.25831e+000	-1.69968e+000	-3.02444e+000	2.13033e-001	
-4.29502e+000	4.13212e+000	-4.78189e+000	5.01683e+000	
-4.13097e+000	-3.19403e+000	1.04352e+000	1.58196e+000	
1.17518e+000	-3.42153e+000	8.20308e-001	2.90031e+000	
2.12962e+000	-3.29395e+000	2.74993e+000	1.54118e+000	
1.84888e+000	-5.41183e+000	2.06717e+000	4.12074e-001	
1.38075e+000	-3.66259e+000	4.87691e-001	3.55143e-001	
-8.01823e-001	-1.61020e+000	2.00716e+000	6.08377e-001	
5.96595e-001	2.15513e-001	-2.74803e-001	1.99114e+000	
-9.44026e-001	-2.39750e+000	-2.66824e+000	8.62475e-001	
-5.39953e+000	3.63346e+000	-3.96187e+000	2.66768e+000	
-7.51277e+000	1.86944e+000	-2.33277e-001	-7.24378e-001	
2.09542e+000	2.84439e+000	7.09390e-001	-1.66755e+000	
5.90627e+000	3.70966e+000	-1.61810e+000	2.70098e+000	
-2.59266e+000	-1.42310e+000	3.22450e+000	-2.13986e+000	
2.72543e+000	3.65463e-001	1.58873e+000	-1.49647e+000	
8.46226e+000	2.50476e+000	-2.15089e+000	-3.01119e-002	
-4.54865e-001	-8.92982e-001	5.56533e-001	-4.63616e+000	
-7.42255e-001	2.86649e+000	-1.02171e+000	-8.52508e-001	
4.72168e-001	2.92642e+000	1.78390e-001	3.33956e-001	
2.57590e+000	3.33059e-001	-7.84419e-001	-6.77295e-002	
1.36392e+000	2.99895e+000	-3.83053e+000	2.09895e+000	
-5.12680e+000	2.25340e+000	-2.00442e-001	-6.59088e-001	
-1.32002e+000	-4.11270e-001	4.02297e-001	-3.63049e-001	
4.92700e+000	5.55544e-001	1.16176e+000	-8.57985e-001	
1.97412e+000	-6.11113e-001	2.02165e+000	-1.98406e+000	
-2.35533e+000	-2.58175e+000	1.76505e+000	-1.94269e+000	
1.43392e-001	-1.48370e+000	2.58990e+000	-2.77374e+000	
4.76336e+000	-2.16038e+000	1.78243e+000	-1.06207e+000	
2.81648e+000	-1.86576e+000	1.63095e+000	-4.52985e-001	
-4.26912e-001	8.39311e-001	1.38428e+000	-1.30138e-001	
-1.12946e-002	8.77680e-001	-8.39049e-001	-3.24999e-001	
7.50739e-001	1.01339e+000	-1.34922e+000	-2.31728e+000	
-1.79957e-001	3.47646e+000	-1.16946e+000	-1.62143e+000	
-1.14715e+000	2.96275e+000	6.78765e-001	-2.75702e+000	
3.39248e+000	1.73088e+000	1.94688e+000	-3.84908e+000	
6.22012e+000	3.15324e+000	1.22549e+000	-2.00251e+000	
4.18749e+000	1.27235e+000	3.30204e+000	-3.10509e+000	
3.98558e+000	6.04895e-001	9.73030e-001	-3.06891e+000	
5.27328e+000	1.39112e+000	-2.74800e-001	-2.66665e+000	
2.07100e+000	6.43671e-001	-5.89344e-001	-2.65310e+000	
1.01601e+000	1.55815e+000	-6.44251e-001	-1.22436e+000	
1.80057e+000	2.15565e+000	-1.52387e+000	-9.41292e-001	
2.17982e+000	2.62340e+000	-1.69066e+000	-1.03988e+000	
4.21673e-002	1.49823e+000	-9.53277e-001	-7.89525e-001	
1.51820e+000	2.50788e+000	9.60891e-001	-1.69667e+000	
4.57950e+000	8.72528e-001	2.13158e-001	-1.15870e-001	
4.28953e+000	-6.66159e-001	8.73839e-001	-3.42361e+000	
2.52583e+000	-1.25959e+000	-1.62403e+000	-1.16584e+000	
-1.73578e+000	-3.74787e-002	-4.41920e+000	6.95031e+000	
-7.86393e+000	-1.13567e+000	1.36125e+000	3.69892e+000	
1.90003e+000	-5.76217e+000	-2.44446e+000	7.05229e-001	
2.23586e+000	1.35926e+000	-4.18825e+000	9.67194e-002	
-1.25204e+001	-6.21175e+000	3.91319e+000	-5.30247e+000	
-8.41308e-001	-2.53362e+000	1.53066e+000	3.75599e+000	
1.22385e+001	1.43613e+000	-2.69762e+000	5.31906e+000	
-3.29539e+000	-1.05411e+001	3.37212e+000	-8.04145e-002	
-3.59106e+000	5.58390e+000	-1.12076e+000	1.80132e+000	
-8.76452e-001	-2.68724e+000	-3.07783e+000	1.38393e+000	
-4.99531e+000	-1.94142e+000	-1.53698e+000	-3.73522e+000	
-2.70190e-001	8.39635e+000	-2.28885e+000	2.03467e+000	
-3.65660e+000	-2.97317e+000	4.03418e+000	-1.63686e+000	
5.71807e+000	1.52846e+000	8.85153e-001	1.95886e+000	
5.42688e+000	6.42476e+000	-2.89531e+000	3.18092e+000	
-6.57257e+000	1.39749e+000	1.69276e+000	-1.13342e+000	
-5.49982e-001	-1.84583e+000	6.02891e-001	5.27951e-001	
4.23959e+000	1.03590e+001	-7.34887e-001	1.19712e-002	
-1.02342e-001	-6.00974e+000	1.17414e-002	2.52233e-001	
-6.12982e+000	6.82716e+000	-1.94616e+000	3.49714e+000	
-4.49204e+000	7.05629e+000	-1.36329e+000	3.40475e+000	
-8.27468e-001	-4.23962e+000	-7.87587e-001	1.00963e+000	
-1.64351e+000	6.73415e+000	5.33499e-001	5.03225e+000	
-5.40347e+000	1.02072e+000	1.42333e+000	3.01056e+000	
-4.00152e+000	-3.48932e+000	1.71663e+000	2.25446e+000	
-1.31787e-001	-1.68978e+000	-7.52545e-001	1.09351e+000	
-3.85525e+000	-1.28115e+000	1.35131e+000	3.02007e+000	
-3.74453e+000	-5.61439e+000	4.10523e+000	5.59802e-001	
1.23474e+000	4.83958e-001	3.98301e-001	1.75045e+000	
-1.31961e+000	-1.54932e+000	-6.64528e-001	-3.14120e-002	
-7.25523e+000	-2.90877e+000	2.43925e+000	5.05610e-001	
-1.82872e+000	2.69146e+000	7.45127e-001	2.46330e+000	
2.01360e+000	-5.88744e-001	-3.33152e-001	-2.01339e-001	
6.67290e-001	-3.70788e+000	1.62696e+000	-5.13355e+000	
1.42200e+000	4.96417e+000	-1.46827e+000	-1.37858e+000	
1.48916e+000	2.61146e+000	-1.38425e+000	4.70875e-001	
2.74877e+000	-7.61200e-001	2.33304e-001	2.56146e+000	
5.17300e+000	6.78120e+000	-9.65689e-001	4.01153e+000	
-8.63833e-001	2.49351e+000	-2.49964e+000	-7.95004e-001	
-5.53902e+000	4.00969e+000	-3.15757e+000	-2.64374e+000	
-3.20733e+000	8.26999e+000	-3.42258e+000	-8.54241e-001	
-3.47126e-001	-1.17716e+000	7.77962e-001	-3.19237e-001	
5.81387e+000	-8.93797e-001	3.39227e+000	1.02338e-001	
7.64690e+000	2.19998e+000	1.79913e+000	2.14420e+000	
5.74207e-001	-4.23975e+000	-4.00889e-001	2.74666e+000	
-4.02364e+000	-1.76028e+000	-1.24188e+000	2.59143e+000	
